 478    13   1     0     4     4  477.       0.0962     0.01125   
 478    14   1     0     9     9  477.       0.113      0.01688   
 478    15   1     0     5     5  477.       0.130      0.01688   
 478    16   1     0     5     5  477.       0.147      0.01688   
 478    17   1     0     3     3  477.       0.164      0.01688   
 478    18   1     0     2     2  477.       0.181      0.01688   
 478    19   1     0     7     7  477.       0.206      0.02500   
 478    20   1     0     6     6  477.       0.231      0.02500   
 478    21   1     0    10    10  477.       0.256      0.02500   
 478    22   1     0     6     6  477.       0.281      0.02500   
 478    23   1     0     1     1  477.       0.306      0.02500   
 478    24   1     0    10    10  477.       0.331      0.02500   
 478    25   1     0    10    10  477.       0.356      0.02500   
 478    26   1     0    11    11  477.       0.381      0.02500   
 478    27   1     0    10    10  477.       0.399      0.01875   
 478    28   1     0    10    10  477.       0.418      0.01875   
 478    29   1     0     9     9  477.       0.437      0.01875   
 478    30   1     0     7     7  477.       0.456      0.01875   
 478    31   1     0     5     5  477.       0.474      0.01875   
 478    32   1     0     5     5  477.       0.493      0.01875   
 478    33   1     0     5     5  478.       0.512      0.01875   
 478    34   1     0     5     5  478.       0.531      0.01875   
 478    35   1     0     4     4  478.       0.549      0.01875   
 478    36   1     0     4     4  478.       0.568      0.01875   
 478    37   1     0     7     7  478.       0.593      0.02500   
 478    38   1     0     5     5  478.       0.618      0.02500   
 478    39   1     0     4     4  478.       0.643      0.02500   
 478    40   1     0     4     4  478.       0.668      0.02500   
 478    41   1     0     4     4  478.       0.693      0.02500   
 478    42   1     0     3     3  478.       0.718      0.02500   
 478    43   1     0     3     3  478.       0.743      0.02500   
 478    44   1     0     9     9  478.       0.768      0.02500   
 478    45   1     0     7     7  478.       0.793      0.02500   
 478    46   1     0     4     4  478.       0.818      0.02500   
 478    47   1     0    10    10  478.       0.843      0.02500   
 478    48   1U    0     9     9  478.       0.843      0.02500   
 478    48   2     0    11    11  478.       0.856      0.01250   
 478    49   1     0    11    11  478.       0.865      0.009375  
 478    50   1     0    10    10  478.       0.872      0.007031  
 478    51   1     0    10    10  478.       0.879      0.007031  
 478    52   1     0    10    10  478.       0.886      0.007031  
 478    53   1     0     9     9  478.       0.893      0.007031  
 478    54   1     0     5     5  478.       0.900      0.007031  
 478    55   1     0     6     6  478.       0.907      0.007031  
 478    56   1     0     7     7  478.       0.914      0.007031  
 478    57   1     0     5     5  478.       0.921      0.007031  
 478    58   1     0     3     3  478.       0.928      0.007031  
 478    59   1     0     3     3  478.       0.935      0.007031  
 478    60   1     0     4     4  478.       0.946      0.01055   
 478    61   1     0     3     3  478.       0.962      0.01582   
 478    62   1     0     6     6  478.       0.985      0.02373   
 478    63   1     0    10    10  478.       1.00       0.01459   
 479     1   1     0    10    10  478.       0.00500    0.005000  
 479     2   1     0     9     9  478.       0.0100     0.005000  
 479     3   1     0     9     9  478.       0.0150     0.005000  
 479     4   1     0     7     7  478.       0.0200     0.005000  
 479     5   1     0     5     5  478.       0.0250     0.005000  
 479     6   1     0     3     3  478.       0.0300     0.005000  
 479     7   1     0     1     1  478.       0.0350     0.005000  
 479     8   1     0     8     8  478.       0.0425     0.007500  
 479     9   1     0     2     2  478.       0.0500     0.007500  
 479    10   1     0     4     4  478.       0.0575     0.007500  
 479    11   1U    0     5     5  478.       0.0575     0.01125   
 479    11   2     0    10    10  478.       0.0603     0.002812  
 479    12   1     0     4     4  478.       0.0631     0.002812  
 479    13   1     0     5     5  478.       0.0659     0.002812  
 479    14   1     0     4     4  478.       0.0687     0.002812  
 479    15   1     0     3     3  478.       0.0716     0.002812  
 479    16   1     0     7     7  478.       0.0758     0.004219  
 479    17   1     0     1     1  478.       0.0800     0.004219  
 479    18   1     0     1     1  478.       0.0842     0.004219  
 479    19   1     0     5     5  478.       0.0905     0.006328  
 479    20   1     0     1     1  478.       0.0969     0.006328  
 479    21   1     0     2     2  478.       0.103      0.006328  
 479    22   1     0     5     5  478.       0.113      0.009492  
 479    23   1     0     2     2  478.       0.122      0.009492  
 479    24   1     0     3     3  478.       0.132      0.009492  
 479    25   1     0     7     7  478.       0.146      0.01424   
 479    26   1     0     4     4  478.       0.160      0.01424   
 479    27   1     0     4     4  478.       0.174      0.01424   
 479    28   1     0     7     7  478.       0.196      0.02136   
 479    29   1     0     4     4  478.       0.217      0.02136   
 479    30   1     0     4     4  478.       0.238      0.02136   
 479    31   1     0     9     9  478.       0.250      0.01153   
 479    32   1     0     5     5  478.       0.275      0.02500   
 479    33   1     0     3     3  478.       0.300      0.02500   
 479    34   1     0    10    10  478.       0.325      0.02500   
 479    35   1     0    10    10  478.       0.350      0.02500   
 479    36   1     0    11    11  478.       0.375      0.02500   
 479    37   1     0    10    10  478.       0.394      0.01875   
 479    38   1     0    10    10  478.       0.413      0.01875   
 479    39   1     0     9     9  478.       0.431      0.01875   
 479    40   1     0     7     7  478.       0.450      0.01875   
 479    41   1     0     5     5  478.       0.469      0.01875   
 479    42   1     0     5     5  478.       0.488      0.01875   
 479    43   1     0    10    10  478.       0.500      0.01250   
 479    44   1     0    10    10  479.       0.519      0.01875   
 479    45   1     0     6     6  479.       0.538      0.01875   
 479    46   1     0     5     5  479.       0.556      0.01875   
 479    47   1     0     4     4  479.       0.575      0.01875   
 479    48   1     0     3     3  479.       0.594      0.01875   
 479    49   1     0     7     7  479.       0.619      0.02500   
 479    50   1     0     5     5  479.       0.644      0.02500   
 479    51   1     0     4     4  479.       0.669      0.02500   
 479    52   1     0     4     4  479.       0.694      0.02500   
 479    53   1     0     4     4  479.       0.719      0.02500   
 479    54   1     0     3     3  479.       0.744      0.02500   
 479    55   1     0    10    10  479.       0.750      0.006250  
 479    56   1     0     7     7  479.       0.775      0.02500   
 479    57   1     0     6     6  479.       0.800      0.02500   
 479    58   1     0     7     7  479.       0.825      0.02500   
 479    59   1     0    10    10  479.       0.850      0.02500   
 479    60   1     0    10    10  479.       0.875      0.02500   
 479    61   1     0    10    10  479.       0.900      0.02500   
 479    62   1     0     9     9  479.       0.925      0.02500   
 479    63   1     0     6     6  479.       0.950      0.02500   
 479    64   1     0     5     5  479.       0.975      0.02500   
 479    65   1     0     5     5  479.       1.00       0.02500   
                          
 THE ANALYSIS HAS COMPLETED SUCCESSFULLY
