 Abaqus/Standard 2023                  DATE 22-Jun-2026 TIME 05:46:11
 SUMMARY OF JOB INFORMATION:
 STEP  INC ATT SEVERE EQUIL TOTAL  TOTAL      STEP       INC OF       DOF    IF
               DISCON ITERS ITERS  TIME/    TIME/LPF    TIME/LPF    MONITOR RIKS
               ITERS               FREQ
 501     1   1     0    10    10  500.       0.00500    0.005000  
 501     2   1     0    10    10  500.       0.0100     0.005000  
 501     3   1     0    10    10  500.       0.0150     0.005000  
 501     4   1     0     8     8  500.       0.0200     0.005000  
 501     5   1     0     6     6  500.       0.0250     0.005000  
 501     6   1     0     6     6  500.       0.0300     0.005000  
 501     7   1     0     4     4  500.       0.0350     0.005000  
 501     8   1     0     2     2  500.       0.0400     0.005000  
 501     9   1     0     8     8  500.       0.0475     0.007500  
 501    10   1     0     2     2  500.       0.0550     0.007500  
 501    11   1     0     3     3  500.       0.0625     0.007500  
 501    12   1U    0     4     4  500.       0.0625     0.01125   
 501    12   2     0     9     9  500.       0.0653     0.002812  
 501    13   1     0     4     4  500.       0.0681     0.002812  
 501    14   1     0     4     4  500.       0.0709     0.002812  
 501    15   1     0     8     8  500.       0.0752     0.004219  
 501    16   1     0     1     1  500.       0.0794     0.004219  
 501    17   1     0     1     1  500.       0.0836     0.004219  
 501    18   1     0     7     7  500.       0.0899     0.006328  
 501    19   1     0     1     1  500.       0.0962     0.006328  
 501    20   1     0     2     2  500.       0.103      0.006328  
 501    21   1     0     4     4  500.       0.112      0.009492  
 501    22   1     0     7     7  500.       0.126      0.01424   
 501    23   1     0     4     4  500.       0.141      0.01424   
 501    24   1     0     5     5  500.       0.155      0.01424   
 501    25   1     0     3     3  500.       0.169      0.01424   
 501    26   1     0     2     2  500.       0.183      0.01424   
 501    27   1     0     8     8  500.       0.205      0.02136   
 501    28   1     0     4     4  500.       0.226      0.02136   
 501    29   1     0     4     4  500.       0.247      0.02136   
 501    30   1     0     6     6  500.       0.272      0.02500   
 501    31   1     0     1     1  500.       0.297      0.02500   
 501    32   1     0     9     9  500.       0.322      0.02500   
 501    33   1     0    10    10  500.       0.347      0.02500   
 501    34   1     0    12    12  500.       0.372      0.02500   
 501    35   1     0    11    11  500.       0.391      0.01875   
 501    36   1U    0     6     6  500.       0.391      0.01406   
 501    36   2     0    10    10  500.       0.395      0.003516  
 501    37   1     0    10    10  500.       0.398      0.003516  
 501    38   1     0     8     8  500.       0.402      0.003516  
 501    39   1     0     9     9  500.       0.405      0.003516  
 501    40   1     0     5     5  500.       0.409      0.003516  
 501    41   1     0     8     8  500.       0.412      0.003516  
 501    42   1     0     5     5  500.       0.416      0.003516  
 501    43   1     0     4     4  500.       0.419      0.003516  
 501    44   1     0     4     4  500.       0.423      0.003516  
 501    45   1     0    10    10  500.       0.428      0.005273  
 501    46   1     0     9     9  500.       0.433      0.005273  
 501    47   1     0     6     6  500.       0.439      0.005273  
 501    48   1     0     5     5  500.       0.444      0.005273  
 501    49   1     0     5     5  500.       0.449      0.005273  
 501    50   1     0     4     4  500.       0.454      0.005273  
 501    51   1     0     4     4  500.       0.460      0.005273  
 501    52   1     0    10    10  500.       0.468      0.007910  
 501    53   1     0     7     7  500.       0.475      0.007910  
 501    54   1     0     8     8  500.       0.483      0.007910  
 501    55   1     0     6     6  500.       0.491      0.007910  
 501    56   1     0     5     5  500.       0.499      0.007910  
 501    57   1     0     4     4  501.       0.507      0.007910  
 501    58   1     0     4     4  501.       0.515      0.007910  
 501    59   1     0    10    10  501.       0.527      0.01187   
 501    60   1     0     7     7  501.       0.539      0.01187   
 501    61   1     0     7     7  501.       0.551      0.01187   
 501    62   1     0     5     5  501.       0.562      0.01187   
 501    63   1     0     4     4  501.       0.574      0.01187   
 501    64   1     0     4     4  501.       0.586      0.01187   
 501    65   1     0    10    10  501.       0.604      0.01780   
 501    66   1     0     6     6  501.       0.622      0.01780   
 501    67   1     0     5     5  501.       0.640      0.01780   
 501    68   1     0     3     3  501.       0.657      0.01780   
 501    69   1     0     3     3  501.       0.675      0.01780   
 501    70   1     0     8     8  501.       0.700      0.02500   
 501    71   1     0     6     6  501.       0.725      0.02500   
 501    72   1     0     4     4  501.       0.750      0.02500   
 501    73   1     0     6     6  501.       0.775      0.02500   
 501    74   1     0     3     3  501.       0.800      0.02500   
 501    75   1     0     6     6  501.       0.825      0.02500   
 501    76   1     0    10    10  501.       0.850      0.02500   
 501    77   1     0    12    12  501.       0.875      0.02500   
 501    78   1     0    11    11  501.       0.894      0.01875   
 501    79   1     0    10    10  501.       0.908      0.01406   
 501    80   1     0     8     8  501.       0.922      0.01406   
 501    81   1     0     8     8  501.       0.936      0.01406   
 501    82   1     0     7     7  501.       0.950      0.01406   
 501    83   1     0     7     7  501.       0.964      0.01406   
 501    84   1     0     7     7  501.       0.978      0.01406   
 501    85   1     0     6     6  501.       0.992      0.01406   
 501    86   1     0    10    10  501.       1.00       0.007622  
 502     1   1     0    10    10  501.       0.00500    0.005000  
 502     2   1     0     7     7  501.       0.0100     0.005000  
 502     3   1     0     9     9  501.       0.0150     0.005000  
 502     4   1     0     7     7  501.       0.0200     0.005000  
 502     5   1     0     6     6  501.       0.0250     0.005000  
 502     6   1     0     4     4  501.       0.0300     0.005000  
 502     7   1     0     4     4  501.       0.0350     0.005000  
 502     8   1     0    10    10  501.       0.0425     0.007500  
 502     9   1     0     3     3  501.       0.0500     0.007500  
 502    10   1     0     5     5  501.       0.0575     0.007500  
 502    11   1     0     3     3  501.       0.0650     0.007500  
 502    12   1     0     3     3  501.       0.0725     0.007500  
 502    13   1     0    10    10  501.       0.0838     0.01125   
 502    14   1     0     4     4  501.       0.0950     0.01125   
 502    15   1     0     5     5  501.       0.106      0.01125   
 502    16   1     0     3     3  501.       0.117      0.01125   
 502    17   1     0     2     2  501.       0.129      0.01125   
 502    18   1     0     9     9  501.       0.146      0.01688   
 502    19   1     0     4     4  501.       0.163      0.01688   
 502    20   1     0     4     4  501.       0.179      0.01688   
 502    21   1     0     7     7  501.       0.204      0.02500   
 502    22   1     0     5     5  501.       0.229      0.02500   
 502    23   1     0    10    10  501.       0.254      0.02500   
 502    24   1     0     5     5  501.       0.279      0.02500   
 502    25   1     0     2     2  501.       0.304      0.02500   
 502    26   1     0    10    10  501.       0.329      0.02500   
 502    27   1     0    10    10  501.       0.354      0.02500   
 502    28   1     0    11    11  501.       0.379      0.02500   
 502    29   1     0    10    10  501.       0.398      0.01875   
 502    30   1     0    10    10  501.       0.417      0.01875   
 502    31   1     0     9     9  501.       0.436      0.01875   
 502    32   1     0     7     7  501.       0.454      0.01875   
 502    33   1     0     6     6  501.       0.473      0.01875   
 502    34   1     0     5     5  501.       0.492      0.01875   
 502    35   1     0     5     5  502.       0.511      0.01875   
 502    36   1     0     5     5  502.       0.529      0.01875   
 502    37   1     0     4     4  502.       0.548      0.01875   
 502    38   1     0     4     4  502.       0.567      0.01875   
 502    39   1     0     7     7  502.       0.592      0.02500   
 502    40   1     0     5     5  502.       0.617      0.02500   
 502    41   1     0     4     4  502.       0.642      0.02500   
 502    42   1     0     4     4  502.       0.667      0.02500   
 502    43   1     0     4     4  502.       0.692      0.02500   
 502    44   1     0     3     3  502.       0.717      0.02500   
 502    45   1     0     3     3  502.       0.742      0.02500   
 502    46   1     0    10    10  502.       0.767      0.02500   
 502    47   1     0     7     7  502.       0.792      0.02500   
 502    48   1     0     4     4  502.       0.817      0.02500   
 502    49   1     0     9     9  502.       0.842      0.02500   
 502    50   1     0    10    10  502.       0.867      0.02500   
 502    51   1     0    10    10  502.       0.892      0.02500   
 502    52   1     0    10    10  502.       0.917      0.02500   
 502    53   1     0     9     9  502.       0.942      0.02500   
 502    54   1     0     6     6  502.       0.967      0.02500   
 502    55   1     0     5     5  502.       0.992      0.02500   
 502    56   1     0    10    10  502.       1.00       0.008125  
 503     1   1     0    11    11  502.       0.00500    0.005000  
 503     2   1     0     7     7  502.       0.00875    0.003750  
 503     3   1     0    10    10  502.       0.0125     0.003750  
                          
 THE ANALYSIS HAS NOT BEEN COMPLETED
