 473    57   1     0     7     7  473.       0.967      0.02500   
 473    58   1     0     5     5  473.       0.992      0.02500   
 473    59   1     0    10    10  473.       1.00       0.007666  
 474     1   1     0    10    10  473.       0.00500    0.005000  
 474     2   1     0     7     7  473.       0.0100     0.005000  
 474     3   1     0     5     5  473.       0.0150     0.005000  
 474     4   1     0     3     3  473.       0.0200     0.005000  
 474     5   1     0     1     1  473.       0.0250     0.005000  
 474     6   1     0     5     5  473.       0.0325     0.007500  
 474     7   1     0     2     2  473.       0.0400     0.007500  
 474     8   1     0     4     4  473.       0.0475     0.007500  
 474     9   1     0     5     5  473.       0.0587     0.01125   
 474    10   1     0     4     4  473.       0.0700     0.01125   
 474    11   1     0     6     6  473.       0.0812     0.01125   
 474    12   1     0     4     4  473.       0.0925     0.01125   
 474    13   1     0     3     3  473.       0.104      0.01125   
 474    14   1     0     9     9  473.       0.121      0.01688   
 474    15   1     0     4     4  473.       0.137      0.01688   
 474    16   1     0     4     4  473.       0.154      0.01688   
 474    17   1     0     7     7  473.       0.179      0.02500   
 474    18   1     0     6     6  473.       0.204      0.02500   
 474    19   1     0     4     4  473.       0.229      0.02500   
 474    20   1     0    10    10  473.       0.254      0.02500   
 474    21   1     0     6     6  473.       0.279      0.02500   
 474    22   1     0     1     1  473.       0.304      0.02500   
 474    23   1     0    10    10  473.       0.329      0.02500   
 474    24   1     0    10    10  473.       0.354      0.02500   
 474    25   1     0    11    11  473.       0.379      0.02500   
 474    26   1     0    11    11  473.       0.398      0.01875   
 474    27   1     0    10    10  473.       0.412      0.01406   
 474    28   1     0     9     9  473.       0.426      0.01406   
 474    29   1     0     7     7  473.       0.440      0.01406   
 474    30   1     0     6     6  473.       0.454      0.01406   
 474    31   1     0     7     7  473.       0.468      0.01406   
 474    32   1     0     6     6  473.       0.482      0.01406   
 474    33   1     0     5     5  473.       0.497      0.01406   
 474    34   1     0     5     5  474.       0.511      0.01406   
 474    35   1     0     5     5  474.       0.525      0.01406   
 474    36   1     0     4     4  474.       0.539      0.01406   
 474    37   1     0     4     4  474.       0.553      0.01406   
 474    38   1     0     9     9  474.       0.574      0.02109   
 474    39   1     0     6     6  474.       0.595      0.02109   
 474    40   1     0     4     4  474.       0.616      0.02109   
 474    41   1     0     5     5  474.       0.637      0.02109   
 474    42   1     0     4     4  474.       0.658      0.02109   
 474    43   1     0     4     4  474.       0.679      0.02109   
 474    44   1     0     6     6  474.       0.704      0.02500   
 474    45   1     0     5     5  474.       0.729      0.02500   
 474    46   1     0    10    10  474.       0.754      0.02500   
 474    47   1     0     7     7  474.       0.779      0.02500   
 474    48   1     0     5     5  474.       0.804      0.02500   
 474    49   1     0     6     6  474.       0.829      0.02500   
 474    50   1     0    10    10  474.       0.854      0.02500   
 474    51   1     0    11    11  474.       0.879      0.02500   
 474    52   1     0    10    10  474.       0.898      0.01875   
 474    53   1     0    10    10  474.       0.917      0.01875   
 474    54   1     0     8     8  474.       0.936      0.01875   
 474    55   1     0     8     8  474.       0.954      0.01875   
 474    56   1     0     6     6  474.       0.973      0.01875   
 474    57   1     0     6     6  474.       0.992      0.01875   
 474    58   1     0    10    10  474.       1.00       0.008125  
 475     1   1     0    10    10  474.       0.00500    0.005000  
 475     2   1     0     8     8  474.       0.0100     0.005000  
 475     3   1     0     9     9  474.       0.0150     0.005000  
 475     4   1     0     6     6  474.       0.0200     0.005000  
 475     5   1     0     5     5  474.       0.0250     0.005000  
 475     6   1     0     3     3  474.       0.0300     0.005000  
 475     7   1     0     1     1  474.       0.0350     0.005000  
 475     8   1     0     9     9  474.       0.0425     0.007500  
 475     9   1     0     2     2  474.       0.0500     0.007500  
 475    10   1     0     5     5  474.       0.0575     0.007500  
 475    11   1     0     3     3  474.       0.0650     0.007500  
 475    12   1     0     2     2  474.       0.0725     0.007500  
 475    13   1     0     8     8  474.       0.0838     0.01125   
 475    14   1     0     3     3  474.       0.0950     0.01125   
 475    15   1     0     4     4  474.       0.106      0.01125   
 475    16   1     0     9     9  474.       0.123      0.01688   
 475    17   1     0     5     5  474.       0.140      0.01688   
 475    18   1     0     4     4  474.       0.157      0.01688   
 475    19   1     0     3     3  474.       0.174      0.01688   
 475    20   1     0     7     7  474.       0.199      0.02500   
 475    21   1     0     5     5  474.       0.224      0.02500   
 475    22   1     0     5     5  474.       0.249      0.02500   
 475    23   1     0    10    10  474.       0.250      0.001250  
 475    24   1     0     7     7  474.       0.275      0.02500   
 475    25   1     0     3     3  474.       0.300      0.02500   
 475    26   1     0    10    10  474.       0.325      0.02500   
 475    27   1     0    10    10  474.       0.350      0.02500   
 475    28   1     0    11    11  474.       0.375      0.02500   
 475    29   1     0    10    10  474.       0.394      0.01875   
 475    30   1     0    10    10  474.       0.413      0.01875   
 475    31   1     0     9     9  474.       0.431      0.01875   
 475    32   1     0     7     7  474.       0.450      0.01875   
 475    33   1     0     5     5  474.       0.469      0.01875   
 475    34   1     0     5     5  474.       0.488      0.01875   
 475    35   1     0    10    10  474.       0.500      0.01250   
 475    36   1     0    10    10  475.       0.519      0.01875   
 475    37   1     0     6     6  475.       0.538      0.01875   
 475    38   1     0     5     5  475.       0.556      0.01875   
 475    39   1     0     4     4  475.       0.575      0.01875   
 475    40   1     0     3     3  475.       0.594      0.01875   
 475    41   1     0     7     7  475.       0.619      0.02500   
 475    42   1     0     5     5  475.       0.644      0.02500   
 475    43   1     0     5     5  475.       0.669      0.02500   
 475    44   1     0     4     4  475.       0.694      0.02500   
 475    45   1     0     3     3  475.       0.719      0.02500   
 475    46   1     0     3     3  475.       0.744      0.02500   
 475    47   1     0    10    10  475.       0.750      0.006250  
 475    48   1     0     8     8  475.       0.775      0.02500   
 475    49   1     0     5     5  475.       0.800      0.02500   
 475    50   1     0     7     7  475.       0.825      0.02500   
 475    51   1     0    10    10  475.       0.850      0.02500   
 475    52   1     0    10    10  475.       0.875      0.02500   
 475    53   1     0    10    10  475.       0.900      0.02500   
 475    54   1     0    10    10  475.       0.925      0.02500   
 475    55   1     0     6     6  475.       0.950      0.02500   
 475    56   1     0     5     5  475.       0.975      0.02500   
 475    57   1     0     5     5  475.       1.00       0.02500   
                          
 THE ANALYSIS HAS COMPLETED SUCCESSFULLY
