 728    20   1     0     4     4  727.       0.107      0.009492  
 728    21   1     0     7     7  727.       0.121      0.01424   
 728    22   1     0     5     5  727.       0.136      0.01424   
 728    23   1     0     5     5  727.       0.150      0.01424   
 728    24   1     0     3     3  727.       0.164      0.01424   
 728    25   1     0     2     2  727.       0.178      0.01424   
 728    26   1     0     8     8  727.       0.200      0.02136   
 728    27   1     0     4     4  727.       0.221      0.02136   
 728    28   1     0     4     4  727.       0.242      0.02136   
 728    29   1     0     7     7  727.       0.267      0.02500   
 728    30   1     0     2     2  727.       0.292      0.02500   
 728    31   1     0     8     8  727.       0.317      0.02500   
 728    32   1     0    10    10  727.       0.342      0.02500   
 728    33   1     0    10    10  727.       0.367      0.02500   
 728    34   1     0    10    10  727.       0.392      0.02500   
 728    35   1     0    10    10  727.       0.417      0.02500   
 728    36   1     0    10    10  727.       0.442      0.02500   
 728    37   1     0     8     8  727.       0.467      0.02500   
 728    38   1     0     5     5  727.       0.492      0.02500   
 728    39   1     0     4     4  728.       0.517      0.02500   
 728    40   1     0     5     5  728.       0.542      0.02500   
 728    41   1     0     3     3  728.       0.567      0.02500   
 728    42   1     0     4     4  728.       0.592      0.02500   
 728    43   1     0     4     4  728.       0.617      0.02500   
 728    44   1     0     4     4  728.       0.642      0.02500   
 728    45   1     0     4     4  728.       0.667      0.02500   
 728    46   1     0     3     3  728.       0.692      0.02500   
 728    47   1     0     3     3  728.       0.717      0.02500   
 728    48   1     0     2     2  728.       0.742      0.02500   
 728    49   1     0    10    10  728.       0.767      0.02500   
 728    50   1     0     8     8  728.       0.792      0.02500   
 728    51   1     0     5     5  728.       0.817      0.02500   
 728    52   1     0    10    10  728.       0.842      0.02500   
 728    53   1     0    10    10  728.       0.867      0.02500   
 728    54   1     0    10    10  728.       0.892      0.02500   
 728    55   1     0    10    10  728.       0.917      0.02500   
 728    56   1     0     9     9  728.       0.942      0.02500   
 728    57   1     0     7     7  728.       0.967      0.02500   
 728    58   1     0     5     5  728.       0.992      0.02500   
 728    59   1     0    10    10  728.       1.00       0.007666  
 729     1   1     0    10    10  728.       0.00500    0.005000  
 729     2   1     0     7     7  728.       0.0100     0.005000  
 729     3   1     0     5     5  728.       0.0150     0.005000  
 729     4   1     0     3     3  728.       0.0200     0.005000  
 729     5   1     0     2     2  728.       0.0250     0.005000  
 729     6   1     0     5     5  728.       0.0325     0.007500  
 729     7   1     0     2     2  728.       0.0400     0.007500  
 729     8   1     0     4     4  728.       0.0475     0.007500  
 729     9   1     0     5     5  728.       0.0587     0.01125   
 729    10   1     0     4     4  728.       0.0700     0.01125   
 729    11   1     0     6     6  728.       0.0812     0.01125   
 729    12   1     0     4     4  728.       0.0925     0.01125   
 729    13   1     0     3     3  728.       0.104      0.01125   
 729    14   1     0     9     9  728.       0.121      0.01688   
 729    15   1     0     4     4  728.       0.137      0.01688   
 729    16   1     0     4     4  728.       0.154      0.01688   
 729    17   1     0     7     7  728.       0.179      0.02500   
 729    18   1     0     6     6  728.       0.204      0.02500   
 729    19   1     0     4     4  728.       0.229      0.02500   
 729    20   1     0    10    10  728.       0.254      0.02500   
 729    21   1     0     6     6  728.       0.279      0.02500   
 729    22   1     0     1     1  728.       0.304      0.02500   
 729    23   1     0    10    10  728.       0.329      0.02500   
 729    24   1     0    10    10  728.       0.354      0.02500   
 729    25   1     0    11    11  728.       0.379      0.02500   
 729    26   1     0    11    11  728.       0.398      0.01875   
 729    27   1     0    10    10  728.       0.412      0.01406   
 729    28   1     0     9     9  728.       0.426      0.01406   
 729    29   1     0     7     7  728.       0.440      0.01406   
 729    30   1     0     6     6  728.       0.454      0.01406   
 729    31   1     0     7     7  728.       0.468      0.01406   
 729    32   1     0     6     6  728.       0.482      0.01406   
 729    33   1     0     5     5  728.       0.497      0.01406   
 729    34   1     0     5     5  729.       0.511      0.01406   
 729    35   1     0     5     5  729.       0.525      0.01406   
 729    36   1     0     4     4  729.       0.539      0.01406   
 729    37   1     0     4     4  729.       0.553      0.01406   
 729    38   1     0     9     9  729.       0.574      0.02109   
 729    39   1     0     6     6  729.       0.595      0.02109   
 729    40   1     0     4     4  729.       0.616      0.02109   
 729    41   1     0     5     5  729.       0.637      0.02109   
 729    42   1     0     4     4  729.       0.658      0.02109   
 729    43   1     0     4     4  729.       0.679      0.02109   
 729    44   1     0     6     6  729.       0.704      0.02500   
 729    45   1     0     5     5  729.       0.729      0.02500   
 729    46   1     0    10    10  729.       0.754      0.02500   
 729    47   1     0     7     7  729.       0.779      0.02500   
 729    48   1     0     5     5  729.       0.804      0.02500   
 729    49   1     0     6     6  729.       0.829      0.02500   
 729    50   1     0    10    10  729.       0.854      0.02500   
 729    51   1     0    11    11  729.       0.879      0.02500   
 729    52   1     0    10    10  729.       0.898      0.01875   
 729    53   1     0    10    10  729.       0.917      0.01875   
 729    54   1     0     8     8  729.       0.936      0.01875   
 729    55   1     0     8     8  729.       0.954      0.01875   
 729    56   1     0     6     6  729.       0.973      0.01875   
 729    57   1     0     6     6  729.       0.992      0.01875   
 729    58   1     0    10    10  729.       1.00       0.008125  
 730     1   1     0    10    10  729.       0.00500    0.005000  
 730     2   1     0     8     8  729.       0.0100     0.005000  
 730     3   1     0     9     9  729.       0.0150     0.005000  
 730     4   1     0     6     6  729.       0.0200     0.005000  
 730     5   1     0     5     5  729.       0.0250     0.005000  
 730     6   1     0     3     3  729.       0.0300     0.005000  
 730     7   1     0     1     1  729.       0.0350     0.005000  
 730     8   1     0     9     9  729.       0.0425     0.007500  
 730     9   1     0     2     2  729.       0.0500     0.007500  
 730    10   1     0     5     5  729.       0.0575     0.007500  
 730    11   1     0     3     3  729.       0.0650     0.007500  
 730    12   1     0     2     2  729.       0.0725     0.007500  
 730    13   1     0     8     8  729.       0.0838     0.01125   
 730    14   1     0     3     3  729.       0.0950     0.01125   
 730    15   1     0     4     4  729.       0.106      0.01125   
 730    16   1     0     9     9  729.       0.123      0.01688   
 730    17   1     0     5     5  729.       0.140      0.01688   
 730    18   1     0     4     4  729.       0.157      0.01688   
 730    19   1     0     3     3  729.       0.174      0.01688   
 730    20   1     0     7     7  729.       0.199      0.02500   
 730    21   1     0     5     5  729.       0.224      0.02500   
 730    22   1     0     5     5  729.       0.249      0.02500   
 730    23   1     0     6     6  729.       0.274      0.02500   
 730    24   1     0     1     1  729.       0.299      0.02500   
 730    25   1     0     9     9  729.       0.324      0.02500   
 730    26   1     0    10    10  729.       0.349      0.02500   
 730    27   1     0    12    12  729.       0.374      0.02500   
 730    28   1     0    12    12  729.       0.393      0.01875   
 730    29   1     0    10    10  729.       0.407      0.01406   
 730    30   1     0     8     8  729.       0.421      0.01406   
 730    31   1     0     8     8  729.       0.435      0.01406   
 730    32   1     0     6     6  729.       0.449      0.01406   
 730    33   1     0     7     7  729.       0.463      0.01406   
 730    34   1     0     6     6  729.       0.477      0.01406   
 730    35   1     0     6     6  729.       0.491      0.01406   
 730    36   1     0     5     5  730.       0.505      0.01406   
 730    37   1     0     5     5  730.       0.519      0.01406   
 730    38   1     0     5     5  730.       0.533      0.01406   
 730    39   1     0     4     4  730.       0.547      0.01406   
 730    40   1     0     4     4  730.       0.561      0.01406   
 730    41   1     0     9     9  730.       0.582      0.02109   
 730    42   1     0     5     5  730.       0.603      0.02109   
 730    43   1     0     5     5  730.       0.625      0.02109   
 730    44   1     0     4     4  730.       0.646      0.02109   
 730    45   1     0     4     4  730.       0.667      0.02109   
 730    46   1     0     6     6  730.       0.692      0.02500   
 730    47   1     0     5     5  730.       0.717      0.02500   
 730    48   1     0     4     4  730.       0.742      0.02500   
 730    49   1     0    10    10  730.       0.767      0.02500   
 730    50   1     0     7     7  730.       0.792      0.02500   
 730    51   1     0     4     4  730.       0.817      0.02500   
 730    52   1     0    10    10  730.       0.842      0.02500   
 730    53   1     0    10    10  730.       0.867      0.02500   
 730    54   1     0    10    10  730.       0.892      0.02500   
 730    55   1     0    10    10  730.       0.917      0.02500   
 730    56   1     0     9     9  730.       0.942      0.02500   
 730    57   1     0     6     6  730.       0.967      0.02500   
 730    58   1     0     5     5  730.       0.992      0.02500   
 730    59   1     0    10    10  730.       1.00       0.008281  
 731     1   1     0    11    11  730.       0.00500    0.005000  
 731     2   1     0     7     7  730.       0.00875    0.003750  
 731     3   1     0    10    10  730.       0.0125     0.003750  
 731     4   1     0    10    10  730.       0.0163     0.003750  
 731     5   1     0     8     8  730.       0.0200     0.003750  
 731     6   1     0     7     7  730.       0.0238     0.003750  
 731     7   1     0     6     6  730.       0.0275     0.003750  
 731     8   1     0     4     4  730.       0.0312     0.003750  
 731     9   1     0     2     2  730.       0.0350     0.003750  
 731    10   1     0     8     8  730.       0.0406     0.005625  
 731    11   1     0     2     2  730.       0.0462     0.005625  
 731    12   1     0     4     4  730.       0.0519     0.005625  
 731    13   1     0     6     6  730.       0.0603     0.008438  
 731    14   1     0     2     2  730.       0.0688     0.008438  
 731    15   1     0     6     6  730.       0.0772     0.008438  
 731    16   1     0     4     4  730.       0.0856     0.008438  
 731    17   1     0     2     2  730.       0.0941     0.008438  
 731    18   1     0     9     9  730.       0.107      0.01266   
 731    19   1     0     4     4  730.       0.119      0.01266   
 731    20   1     0     4     4  730.       0.132      0.01266   
 731    21   1     0     8     8  730.       0.151      0.01898   
 731    22   1     0     5     5  730.       0.170      0.01898   
 731    23   1     0     4     4  730.       0.189      0.01898   
 731    24   1     0     4     4  730.       0.208      0.01898   
 731    25   1     0     7     7  730.       0.233      0.02500   
 731    26   1     0    10    10  730.       0.258      0.02500   
 731    27   1     0     6     6  730.       0.283      0.02500   
 731    28   1     0     3     3  730.       0.308      0.02500   
 731    29   1     0    10    10  730.       0.333      0.02500   
 731    30   1     0    10    10  730.       0.358      0.02500   
 731    31   1     0    11    11  730.       0.383      0.02500   
 731    32   1     0    10    10  730.       0.402      0.01875   
 731    33   1     0    10    10  730.       0.420      0.01875   
 731    34   1     0     9     9  730.       0.439      0.01875   
 731    35   1     0     7     7  730.       0.458      0.01875   
 731    36   1     0     5     5  730.       0.477      0.01875   
 731    37   1     0     5     5  730.       0.495      0.01875   
 731    38   1     0     5     5  731.       0.514      0.01875   
 731    39   1     0     5     5  731.       0.533      0.01875   
 731    40   1     0     4     4  731.       0.552      0.01875   
 731    41   1     0     4     4  731.       0.570      0.01875   
                          
 THE ANALYSIS HAS NOT BEEN COMPLETED
