 1393    25   1     0     7     7  1.39e+03   0.233      0.02500   
 1393    26   1     0    10    10  1.39e+03   0.258      0.02500   
 1393    27   1     0     6     6  1.39e+03   0.283      0.02500   
 1393    28   1     0     3     3  1.39e+03   0.308      0.02500   
 1393    29   1     0    10    10  1.39e+03   0.333      0.02500   
 1393    30   1     0    10    10  1.39e+03   0.358      0.02500   
 1393    31   1     0    11    11  1.39e+03   0.383      0.02500   
 1393    32   1     0    10    10  1.39e+03   0.402      0.01875   
 1393    33   1     0    10    10  1.39e+03   0.420      0.01875   
 1393    34   1     0     9     9  1.39e+03   0.439      0.01875   
 1393    35   1     0     7     7  1.39e+03   0.458      0.01875   
 1393    36   1     0     5     5  1.39e+03   0.477      0.01875   
 1393    37   1     0     5     5  1.39e+03   0.495      0.01875   
 1393    38   1     0     5     5  1.39e+03   0.514      0.01875   
 1393    39   1     0     5     5  1.39e+03   0.533      0.01875   
 1393    40   1     0     4     4  1.39e+03   0.552      0.01875   
 1393    41   1     0     4     4  1.39e+03   0.570      0.01875   
 1393    42   1     0     7     7  1.39e+03   0.595      0.02500   
 1393    43   1     0     5     5  1.39e+03   0.620      0.02500   
 1393    44   1     0     4     4  1.39e+03   0.645      0.02500   
 1393    45   1     0     4     4  1.39e+03   0.670      0.02500   
 1393    46   1     0     4     4  1.39e+03   0.695      0.02500   
 1393    47   1     0     3     3  1.39e+03   0.720      0.02500   
 1393    48   1     0     3     3  1.39e+03   0.745      0.02500   
 1393    49   1     0     8     8  1.39e+03   0.770      0.02500   
 1393    50   1     0     8     8  1.39e+03   0.795      0.02500   
 1393    51   1     0     4     4  1.39e+03   0.820      0.02500   
 1393    52   1     0    10    10  1.39e+03   0.845      0.02500   
 1393    53   1     0    11    11  1.39e+03   0.870      0.02500   
 1393    54   1     0    10    10  1.39e+03   0.889      0.01875   
 1393    55   1     0    11    11  1.39e+03   0.908      0.01875   
 1393    56   1     0    10    10  1.39e+03   0.922      0.01406   
 1393    57   1     0     7     7  1.39e+03   0.936      0.01406   
 1393    58   1     0     5     5  1.39e+03   0.950      0.01406   
 1393    59   1     0     6     6  1.39e+03   0.964      0.01406   
 1393    60   1     0     8     8  1.39e+03   0.978      0.01406   
 1393    61   1     0     5     5  1.39e+03   0.992      0.01406   
 1393    62   1     0    10    10  1.39e+03   1.00       0.007656  
 1394     1   1     0    10    10  1.39e+03   0.00500    0.005000  
 1394     2   1     0     4     4  1.39e+03   0.0100     0.005000  
 1394     3   1     0     5     5  1.39e+03   0.0150     0.005000  
 1394     4   1     0     3     3  1.39e+03   0.0200     0.005000  
 1394     5   1     0     1     1  1.39e+03   0.0250     0.005000  
 1394     6   1     0     8     8  1.39e+03   0.0325     0.007500  
 1394     7   1     0     2     2  1.39e+03   0.0400     0.007500  
 1394     8   1     0     5     5  1.39e+03   0.0475     0.007500  
 1394     9   1     0     3     3  1.39e+03   0.0550     0.007500  
 1394    10   1     0     3     3  1.39e+03   0.0625     0.007500  
 1394    11   1     0    10    10  1.39e+03   0.0737     0.01125   
 1394    12   1     0     3     3  1.39e+03   0.0850     0.01125   
 1394    13   1     0     4     4  1.39e+03   0.0962     0.01125   
 1394    14   1     0     8     8  1.39e+03   0.113      0.01688   
 1394    15   1     0     4     4  1.39e+03   0.130      0.01688   
 1394    16   1     0     5     5  1.39e+03   0.147      0.01688   
 1394    17   1     0     3     3  1.39e+03   0.164      0.01688   
 1394    18   1     0     3     3  1.39e+03   0.181      0.01688   
 1394    19   1     0     7     7  1.39e+03   0.206      0.02500   
 1394    20   1     0     6     6  1.39e+03   0.231      0.02500   
 1394    21   1     0    10    10  1.39e+03   0.256      0.02500   
 1394    22   1     0     6     6  1.39e+03   0.281      0.02500   
 1394    23   1     0     1     1  1.39e+03   0.306      0.02500   
 1394    24   1     0    10    10  1.39e+03   0.331      0.02500   
 1394    25   1     0    10    10  1.39e+03   0.356      0.02500   
 1394    26   1     0    11    11  1.39e+03   0.381      0.02500   
 1394    27   1     0    10    10  1.39e+03   0.399      0.01875   
 1394    28   1     0    10    10  1.39e+03   0.418      0.01875   
 1394    29   1     0     9     9  1.39e+03   0.437      0.01875   
 1394    30   1     0     7     7  1.39e+03   0.456      0.01875   
 1394    31   1     0     5     5  1.39e+03   0.474      0.01875   
 1394    32   1     0     5     5  1.39e+03   0.493      0.01875   
 1394    33   1     0     5     5  1.39e+03   0.512      0.01875   
 1394    34   1     0     5     5  1.39e+03   0.531      0.01875   
 1394    35   1     0     4     4  1.39e+03   0.549      0.01875   
 1394    36   1     0     4     4  1.39e+03   0.568      0.01875   
 1394    37   1     0     7     7  1.39e+03   0.593      0.02500   
 1394    38   1     0     5     5  1.39e+03   0.618      0.02500   
 1394    39   1     0     4     4  1.39e+03   0.643      0.02500   
 1394    40   1     0     4     4  1.39e+03   0.668      0.02500   
 1394    41   1     0     4     4  1.39e+03   0.693      0.02500   
 1394    42   1     0     3     3  1.39e+03   0.718      0.02500   
 1394    43   1     0     3     3  1.39e+03   0.743      0.02500   
 1394    44   1     0     9     9  1.39e+03   0.768      0.02500   
 1394    45   1     0     7     7  1.39e+03   0.793      0.02500   
 1394    46   1     0     4     4  1.39e+03   0.818      0.02500   
 1394    47   1     0    10    10  1.39e+03   0.843      0.02500   
 1394    48   1     0    12    12  1.39e+03   0.868      0.02500   
 1394    49   1     0    10    10  1.39e+03   0.887      0.01875   
 1394    50   1     0    11    11  1.39e+03   0.906      0.01875   
 1394    51   1     0    10    10  1.39e+03   0.920      0.01406   
 1394    52   1     0    10    10  1.39e+03   0.934      0.01406   
 1394    53   1     0     8     8  1.39e+03   0.948      0.01406   
 1394    54   1     0     6     6  1.39e+03   0.962      0.01406   
 1394    55   1     0     7     7  1.39e+03   0.976      0.01406   
 1394    56   1     0     5     5  1.39e+03   0.990      0.01406   
 1394    57   1     0    10    10  1.39e+03   1.00       0.01000   
 1395     1   1     0    10    10  1.39e+03   0.00500    0.005000  
 1395     2   1     0     5     5  1.39e+03   0.0100     0.005000  
 1395     3   1     0     5     5  1.39e+03   0.0150     0.005000  
 1395     4   1     0     3     3  1.39e+03   0.0200     0.005000  
 1395     5   1     0     2     2  1.39e+03   0.0250     0.005000  
 1395     6   1     0     7     7  1.39e+03   0.0325     0.007500  
 1395     7   1     0     2     2  1.39e+03   0.0400     0.007500  
 1395     8   1     0     5     5  1.39e+03   0.0475     0.007500  
 1395     9   1     0     3     3  1.39e+03   0.0550     0.007500  
 1395    10   1     0     3     3  1.39e+03   0.0625     0.007500  
 1395    11   1     0    10    10  1.39e+03   0.0737     0.01125   
 1395    12   1     0     4     4  1.39e+03   0.0850     0.01125   
 1395    13   1     0     4     4  1.39e+03   0.0962     0.01125   
 1395    14   1     0     9     9  1.39e+03   0.113      0.01688   
 1395    15   1     0     5     5  1.39e+03   0.130      0.01688   
 1395    16   1     0     5     5  1.39e+03   0.147      0.01688   
 1395    17   1     0     3     3  1.39e+03   0.164      0.01688   
 1395    18   1     0     3     3  1.39e+03   0.181      0.01688   
 1395    19   1     0     7     7  1.39e+03   0.206      0.02500   
 1395    20   1     0     6     6  1.39e+03   0.231      0.02500   
 1395    21   1     0     8     8  1.39e+03   0.250      0.01937   
 1395    22   1     0     6     6  1.39e+03   0.275      0.02500   
 1395    23   1     0     1     1  1.39e+03   0.300      0.02500   
 1395    24   1     0    10    10  1.39e+03   0.325      0.02500   
 1395    25   1     0    10    10  1.39e+03   0.350      0.02500   
 1395    26   1     0    12    12  1.39e+03   0.375      0.02500   
 1395    27   1     0    11    11  1.39e+03   0.394      0.01875   
 1395    28   1     0    10    10  1.39e+03   0.408      0.01406   
 1395    29   1     0     9     9  1.39e+03   0.422      0.01406   
 1395    30   1     0     7     7  1.39e+03   0.436      0.01406   
 1395    31   1     0     6     6  1.39e+03   0.450      0.01406   
 1395    32   1     0     6     6  1.39e+03   0.464      0.01406   
 1395    33   1     0     6     6  1.39e+03   0.478      0.01406   
 1395    34   1     0     5     5  1.39e+03   0.492      0.01406   
 1395    35   1     0    10    10  1.39e+03   0.500      0.007813  
 1395    36   1     0    10    10  1.39e+03   0.514      0.01406   
 1395    37   1     0     6     6  1.39e+03   0.528      0.01406   
 1395    38   1     0     6     6  1.39e+03   0.542      0.01406   
 1395    39   1     0     5     5  1.39e+03   0.556      0.01406   
 1395    40   1     0     4     4  1.39e+03   0.570      0.01406   
 1395    41   1     0     3     3  1.39e+03   0.584      0.01406   
 1395    42   1     0     9     9  1.39e+03   0.605      0.02109   
 1395    43   1     0     5     5  1.39e+03   0.627      0.02109   
 1395    44   1     0     5     5  1.39e+03   0.648      0.02109   
 1395    45   1     0     4     4  1.39e+03   0.669      0.02109   
 1395    46   1     0     3     3  1.39e+03   0.690      0.02109   
 1395    47   1     0     6     6  1.39e+03   0.715      0.02500   
 1395    48   1     0     5     5  1.39e+03   0.740      0.02500   
 1395    49   1     0    10    10  1.39e+03   0.750      0.01016   
 1395    50   1     0     6     6  1.39e+03   0.775      0.02500   
 1395    51   1     0     5     5  1.39e+03   0.800      0.02500   
 1395    52   1     0     8     8  1.39e+03   0.825      0.02500   
 1395    53   1     0    10    10  1.39e+03   0.850      0.02500   
 1395    54   1     0    11    11  1.39e+03   0.875      0.02500   
 1395    55   1     0    11    11  1.39e+03   0.894      0.01875   
 1395    56   1     0     9     9  1.39e+03   0.908      0.01406   
 1395    57   1     0     9     9  1.39e+03   0.922      0.01406   
 1395    58   1     0     7     7  1.39e+03   0.936      0.01406   
 1395    59   1     0     7     7  1.39e+03   0.950      0.01406   
 1395    60   1     0     7     7  1.39e+03   0.964      0.01406   
 1395    61   1     0     7     7  1.39e+03   0.978      0.01406   
 1395    62   1     0     6     6  1.39e+03   0.992      0.01406   
 1395    63   1     0    10    10  1.40e+03   1.00       0.007812  
                          
 THE ANALYSIS HAS COMPLETED SUCCESSFULLY
