 706    28   1     0     7     7  705.       0.196      0.02136   
 706    29   1     0     4     4  705.       0.217      0.02136   
 706    30   1     0     4     4  705.       0.238      0.02136   
 706    31   1     0    10    10  705.       0.263      0.02500   
 706    32   1     0     2     2  705.       0.288      0.02500   
 706    33   1     0     7     7  705.       0.313      0.02500   
 706    34   1     0    10    10  705.       0.338      0.02500   
 706    35   1     0    10    10  705.       0.363      0.02500   
 706    36   1     0    11    11  705.       0.388      0.02500   
 706    37   1     0    10    10  705.       0.407      0.01875   
 706    38   1     0    10    10  705.       0.426      0.01875   
 706    39   1     0     9     9  705.       0.445      0.01875   
 706    40   1     0     6     6  705.       0.463      0.01875   
 706    41   1     0     5     5  705.       0.482      0.01875   
 706    42   1     0     5     5  706.       0.501      0.01875   
 706    43   1     0     5     5  706.       0.520      0.01875   
 706    44   1     0     5     5  706.       0.538      0.01875   
 706    45   1     0     4     4  706.       0.557      0.01875   
 706    46   1     0     4     4  706.       0.576      0.01875   
 706    47   1     0     7     7  706.       0.601      0.02500   
 706    48   1     0     5     5  706.       0.626      0.02500   
 706    49   1     0     4     4  706.       0.651      0.02500   
 706    50   1     0     4     4  706.       0.676      0.02500   
 706    51   1     0     4     4  706.       0.701      0.02500   
 706    52   1     0     3     3  706.       0.726      0.02500   
 706    53   1     0     7     7  706.       0.751      0.02500   
 706    54   1     0     7     7  706.       0.776      0.02500   
 706    55   1     0     5     5  706.       0.801      0.02500   
 706    56   1     0     4     4  706.       0.826      0.02500   
 706    57   1     0    10    10  706.       0.851      0.02500   
 706    58   1     0    10    10  706.       0.876      0.02500   
 706    59   1     0    10    10  706.       0.901      0.02500   
 706    60   1     0    10    10  706.       0.926      0.02500   
 706    61   1     0     6     6  706.       0.951      0.02500   
 706    62   1     0     6     6  706.       0.976      0.02500   
 706    63   1     0     5     5  706.       1.00       0.02403   
 707     1   1     0    10    10  706.       0.00500    0.005000  
 707     2   1     0    10    10  706.       0.0100     0.005000  
 707     3   1     0    10    10  706.       0.0150     0.005000  
 707     4   1     0     7     7  706.       0.0200     0.005000  
 707     5   1     0     6     6  706.       0.0250     0.005000  
 707     6   1     0     4     4  706.       0.0300     0.005000  
 707     7   1     0     1     1  706.       0.0350     0.005000  
 707     8   1     0     7     7  706.       0.0425     0.007500  
 707     9   1     0     2     2  706.       0.0500     0.007500  
 707    10   1     0     4     4  706.       0.0575     0.007500  
 707    11   1U    0     4     4  706.       0.0575     0.01125   
 707    11   2     0     9     9  706.       0.0603     0.002812  
 707    12   1     0     3     3  706.       0.0631     0.002812  
 707    13   1     0     4     4  706.       0.0659     0.002812  
 707    14   1     0     8     8  706.       0.0702     0.004219  
 707    15   1     0     1     1  706.       0.0744     0.004219  
 707    16   1     0     2     2  706.       0.0786     0.004219  
 707    17   1     0     6     6  706.       0.0849     0.006328  
 707    18   1     0     1     1  706.       0.0912     0.006328  
 707    19   1     0     2     2  706.       0.0976     0.006328  
 707    20   1     0     4     4  706.       0.107      0.009492  
 707    21   1     0     7     7  706.       0.121      0.01424   
 707    22   1     0     5     5  706.       0.136      0.01424   
 707    23   1     0     5     5  706.       0.150      0.01424   
 707    24   1     0     3     3  706.       0.164      0.01424   
 707    25   1     0     2     2  706.       0.178      0.01424   
 707    26   1     0     8     8  706.       0.200      0.02136   
 707    27   1     0     4     4  706.       0.221      0.02136   
 707    28   1     0     4     4  706.       0.242      0.02136   
 707    29   1     0     7     7  706.       0.267      0.02500   
 707    30   1     0     2     2  706.       0.292      0.02500   
 707    31   1     0     8     8  706.       0.317      0.02500   
 707    32   1     0    10    10  706.       0.342      0.02500   
 707    33   1     0    10    10  706.       0.367      0.02500   
 707    34   1     0    10    10  706.       0.392      0.02500   
 707    35   1     0    10    10  706.       0.417      0.02500   
 707    36   1     0    10    10  706.       0.442      0.02500   
 707    37   1     0     8     8  706.       0.467      0.02500   
 707    38   1     0     5     5  706.       0.492      0.02500   
 707    39   1     0     4     4  707.       0.517      0.02500   
 707    40   1     0     5     5  707.       0.542      0.02500   
 707    41   1     0     3     3  707.       0.567      0.02500   
 707    42   1     0     4     4  707.       0.592      0.02500   
 707    43   1     0     4     4  707.       0.617      0.02500   
 707    44   1     0     4     4  707.       0.642      0.02500   
 707    45   1     0     4     4  707.       0.667      0.02500   
 707    46   1     0     3     3  707.       0.692      0.02500   
 707    47   1     0     3     3  707.       0.717      0.02500   
 707    48   1     0     2     2  707.       0.742      0.02500   
 707    49   1     0    10    10  707.       0.767      0.02500   
 707    50   1     0     8     8  707.       0.792      0.02500   
 707    51   1     0     5     5  707.       0.817      0.02500   
 707    52   1     0    10    10  707.       0.842      0.02500   
 707    53   1     0    10    10  707.       0.867      0.02500   
 707    54   1     0    10    10  707.       0.892      0.02500   
 707    55   1     0    10    10  707.       0.917      0.02500   
 707    56   1     0     9     9  707.       0.942      0.02500   
 707    57   1     0     7     7  707.       0.967      0.02500   
 707    58   1     0     5     5  707.       0.992      0.02500   
 707    59   1     0    10    10  707.       1.00       0.007666  
 708     1   1     0    10    10  707.       0.00500    0.005000  
 708     2   1     0     7     7  707.       0.0100     0.005000  
 708     3   1     0     5     5  707.       0.0150     0.005000  
 708     4   1     0     3     3  707.       0.0200     0.005000  
 708     5   1     0     2     2  707.       0.0250     0.005000  
 708     6   1     0     5     5  707.       0.0325     0.007500  
 708     7   1     0     2     2  707.       0.0400     0.007500  
 708     8   1     0     4     4  707.       0.0475     0.007500  
 708     9   1     0     5     5  707.       0.0587     0.01125   
 708    10   1     0     4     4  707.       0.0700     0.01125   
 708    11   1     0     6     6  707.       0.0812     0.01125   
 708    12   1     0     4     4  707.       0.0925     0.01125   
 708    13   1     0     3     3  707.       0.104      0.01125   
 708    14   1     0     9     9  707.       0.121      0.01688   
 708    15   1     0     4     4  707.       0.137      0.01688   
 708    16   1     0     4     4  707.       0.154      0.01688   
 708    17   1     0     7     7  707.       0.179      0.02500   
 708    18   1     0     6     6  707.       0.204      0.02500   
 708    19   1     0     4     4  707.       0.229      0.02500   
 708    20   1     0     7     7  707.       0.250      0.02063   
 708    21   1     0     7     7  707.       0.275      0.02500   
 708    22   1     0     1     1  707.       0.300      0.02500   
 708    23   1     0    10    10  707.       0.325      0.02500   
 708    24   1     0    10    10  707.       0.350      0.02500   
 708    25   1     0    12    12  707.       0.375      0.02500   
 708    26   1     0    11    11  707.       0.394      0.01875   
 708    27   1     0    10    10  707.       0.408      0.01406   
 708    28   1     0     9     9  707.       0.422      0.01406   
 708    29   1     0     7     7  707.       0.436      0.01406   
 708    30   1     0     6     6  707.       0.450      0.01406   
 708    31   1     0     7     7  707.       0.464      0.01406   
 708    32   1     0     6     6  707.       0.478      0.01406   
 708    33   1     0     5     5  707.       0.492      0.01406   
 708    34   1     0    10    10  707.       0.500      0.007813  
 708    35   1     0    10    10  708.       0.514      0.01406   
 708    36   1     0     6     6  708.       0.528      0.01406   
 708    37   1     0     6     6  708.       0.542      0.01406   
 708    38   1     0     5     5  708.       0.556      0.01406   
 708    39   1     0     4     4  708.       0.570      0.01406   
 708    40   1     0     3     3  708.       0.584      0.01406   
 708    41   1     0     9     9  708.       0.605      0.02109   
 708    42   1     0     5     5  708.       0.627      0.02109   
 708    43   1     0     5     5  708.       0.648      0.02109   
 708    44   1     0     4     4  708.       0.669      0.02109   
 708    45   1     0     3     3  708.       0.690      0.02109   
 708    46   1     0     6     6  708.       0.715      0.02500   
 708    47   1     0     5     5  708.       0.740      0.02500   
 708    48   1     0    10    10  708.       0.750      0.01016   
 708    49   1     0     6     6  708.       0.775      0.02500   
 708    50   1     0     5     5  708.       0.800      0.02500   
 708    51   1     0     8     8  708.       0.825      0.02500   
 708    52   1     0    10    10  708.       0.850      0.02500   
 708    53   1     0    11    11  708.       0.875      0.02500   
 708    54   1     0    11    11  708.       0.894      0.01875   
 708    55   1     0     9     9  708.       0.908      0.01406   
 708    56   1     0    10    10  708.       0.922      0.01406   
 708    57   1     0     8     8  708.       0.936      0.01406   
 708    58   1     0     6     6  708.       0.950      0.01406   
 708    59   1     0     7     7  708.       0.964      0.01406   
 708    60   1     0     6     6  708.       0.978      0.01406   
 708    61   1     0     6     6  708.       0.992      0.01406   
 708    62   1     0    10    10  708.       1.00       0.007812  
                          
 THE ANALYSIS HAS COMPLETED SUCCESSFULLY
