 1164    35   1     0     4     4  1.16e+03   0.549      0.01875   
 1164    36   1     0     4     4  1.16e+03   0.568      0.01875   
 1164    37   1     0     7     7  1.16e+03   0.593      0.02500   
 1164    38   1     0     5     5  1.16e+03   0.618      0.02500   
 1164    39   1     0     4     4  1.16e+03   0.643      0.02500   
 1164    40   1     0     4     4  1.16e+03   0.668      0.02500   
 1164    41   1     0     4     4  1.16e+03   0.693      0.02500   
 1164    42   1     0     3     3  1.16e+03   0.718      0.02500   
 1164    43   1     0     3     3  1.16e+03   0.743      0.02500   
 1164    44   1     0     9     9  1.16e+03   0.768      0.02500   
 1164    45   1     0     7     7  1.16e+03   0.793      0.02500   
 1164    46   1     0     4     4  1.16e+03   0.818      0.02500   
 1164    47   1     0    10    10  1.16e+03   0.843      0.02500   
 1164    48   1U    0     9     9  1.16e+03   0.843      0.02500   
 1164    48   2     0    11    11  1.16e+03   0.856      0.01250   
 1164    49   1     0    11    11  1.16e+03   0.865      0.009375  
 1164    50   1     0    10    10  1.16e+03   0.872      0.007031  
 1164    51   1     0    10    10  1.16e+03   0.879      0.007031  
 1164    52   1     0    10    10  1.16e+03   0.886      0.007031  
 1164    53   1     0     9     9  1.16e+03   0.893      0.007031  
 1164    54   1     0     5     5  1.16e+03   0.900      0.007031  
 1164    55   1     0     6     6  1.16e+03   0.907      0.007031  
 1164    56   1     0     7     7  1.16e+03   0.914      0.007031  
 1164    57   1     0     5     5  1.16e+03   0.921      0.007031  
 1164    58   1     0     3     3  1.16e+03   0.928      0.007031  
 1164    59   1     0     3     3  1.16e+03   0.935      0.007031  
 1164    60   1     0     4     4  1.16e+03   0.946      0.01055   
 1164    61   1     0     3     3  1.16e+03   0.962      0.01582   
 1164    62   1     0     6     6  1.16e+03   0.985      0.02373   
 1164    63   1     0    10    10  1.16e+03   1.00       0.01459   
 1165     1   1     0    10    10  1.16e+03   0.00500    0.005000  
 1165     2   1     0     9     9  1.16e+03   0.0100     0.005000  
 1165     3   1     0     9     9  1.16e+03   0.0150     0.005000  
 1165     4   1     0     7     7  1.16e+03   0.0200     0.005000  
 1165     5   1     0     5     5  1.16e+03   0.0250     0.005000  
 1165     6   1     0     3     3  1.16e+03   0.0300     0.005000  
 1165     7   1     0     1     1  1.16e+03   0.0350     0.005000  
 1165     8   1     0     8     8  1.16e+03   0.0425     0.007500  
 1165     9   1     0     2     2  1.16e+03   0.0500     0.007500  
 1165    10   1     0     4     4  1.16e+03   0.0575     0.007500  
 1165    11   1U    0     5     5  1.16e+03   0.0575     0.01125   
 1165    11   2     0    10    10  1.16e+03   0.0603     0.002812  
 1165    12   1     0     4     4  1.16e+03   0.0631     0.002812  
 1165    13   1     0     5     5  1.16e+03   0.0659     0.002812  
 1165    14   1     0     4     4  1.16e+03   0.0687     0.002812  
 1165    15   1     0     3     3  1.16e+03   0.0716     0.002812  
 1165    16   1     0     7     7  1.16e+03   0.0758     0.004219  
 1165    17   1     0     1     1  1.16e+03   0.0800     0.004219  
 1165    18   1     0     1     1  1.16e+03   0.0842     0.004219  
 1165    19   1     0     5     5  1.16e+03   0.0905     0.006328  
 1165    20   1     0     1     1  1.16e+03   0.0969     0.006328  
 1165    21   1     0     2     2  1.16e+03   0.103      0.006328  
 1165    22   1     0     5     5  1.16e+03   0.113      0.009492  
 1165    23   1     0     2     2  1.16e+03   0.122      0.009492  
 1165    24   1     0     3     3  1.16e+03   0.132      0.009492  
 1165    25   1     0     7     7  1.16e+03   0.146      0.01424   
 1165    26   1     0     4     4  1.16e+03   0.160      0.01424   
 1165    27   1     0     4     4  1.16e+03   0.174      0.01424   
 1165    28   1     0     7     7  1.16e+03   0.196      0.02136   
 1165    29   1     0     4     4  1.16e+03   0.217      0.02136   
 1165    30   1     0     4     4  1.16e+03   0.238      0.02136   
 1165    31   1     0    10    10  1.16e+03   0.263      0.02500   
 1165    32   1     0     2     2  1.16e+03   0.288      0.02500   
 1165    33   1     0     7     7  1.16e+03   0.313      0.02500   
 1165    34   1     0    10    10  1.16e+03   0.338      0.02500   
 1165    35   1     0    10    10  1.16e+03   0.363      0.02500   
 1165    36   1     0    11    11  1.16e+03   0.388      0.02500   
 1165    37   1     0    10    10  1.16e+03   0.407      0.01875   
 1165    38   1     0    10    10  1.16e+03   0.426      0.01875   
 1165    39   1     0     9     9  1.16e+03   0.445      0.01875   
 1165    40   1     0     6     6  1.16e+03   0.463      0.01875   
 1165    41   1     0     5     5  1.16e+03   0.482      0.01875   
 1165    42   1     0     5     5  1.16e+03   0.501      0.01875   
 1165    43   1     0     5     5  1.16e+03   0.520      0.01875   
 1165    44   1     0     5     5  1.16e+03   0.538      0.01875   
 1165    45   1     0     4     4  1.16e+03   0.557      0.01875   
 1165    46   1     0     4     4  1.16e+03   0.576      0.01875   
 1165    47   1     0     7     7  1.16e+03   0.601      0.02500   
 1165    48   1     0     5     5  1.16e+03   0.626      0.02500   
 1165    49   1     0     4     4  1.16e+03   0.651      0.02500   
 1165    50   1     0     4     4  1.16e+03   0.676      0.02500   
 1165    51   1     0     4     4  1.16e+03   0.701      0.02500   
 1165    52   1     0     3     3  1.16e+03   0.726      0.02500   
 1165    53   1     0     7     7  1.16e+03   0.751      0.02500   
 1165    54   1     0     7     7  1.16e+03   0.776      0.02500   
 1165    55   1     0     5     5  1.16e+03   0.801      0.02500   
 1165    56   1     0     4     4  1.16e+03   0.826      0.02500   
 1165    57   1     0    10    10  1.16e+03   0.851      0.02500   
 1165    58   1     0    10    10  1.16e+03   0.876      0.02500   
 1165    59   1     0    10    10  1.16e+03   0.901      0.02500   
 1165    60   1     0    10    10  1.16e+03   0.926      0.02500   
 1165    61   1     0     6     6  1.16e+03   0.951      0.02500   
 1165    62   1     0     6     6  1.16e+03   0.976      0.02500   
 1165    63   1     0     5     5  1.16e+03   1.00       0.02403   
 1166     1   1     0    10    10  1.17e+03   0.00500    0.005000  
 1166     2   1     0    10    10  1.17e+03   0.0100     0.005000  
 1166     3   1     0    10    10  1.17e+03   0.0150     0.005000  
 1166     4   1     0     7     7  1.17e+03   0.0200     0.005000  
 1166     5   1     0     6     6  1.17e+03   0.0250     0.005000  
 1166     6   1     0     4     4  1.17e+03   0.0300     0.005000  
 1166     7   1     0     1     1  1.17e+03   0.0350     0.005000  
 1166     8   1     0     7     7  1.17e+03   0.0425     0.007500  
 1166     9   1     0     2     2  1.17e+03   0.0500     0.007500  
 1166    10   1     0     4     4  1.17e+03   0.0575     0.007500  
 1166    11   1U    0     4     4  1.17e+03   0.0575     0.01125   
 1166    11   2     0     9     9  1.17e+03   0.0603     0.002812  
 1166    12   1     0     3     3  1.17e+03   0.0631     0.002812  
 1166    13   1     0     4     4  1.17e+03   0.0659     0.002812  
 1166    14   1     0     8     8  1.17e+03   0.0702     0.004219  
 1166    15   1     0     1     1  1.17e+03   0.0744     0.004219  
 1166    16   1     0     1     1  1.17e+03   0.0786     0.004219  
 1166    17   1     0     6     6  1.17e+03   0.0849     0.006328  
 1166    18   1     0     1     1  1.17e+03   0.0912     0.006328  
 1166    19   1     0     2     2  1.17e+03   0.0976     0.006328  
 1166    20   1     0     4     4  1.17e+03   0.107      0.009492  
 1166    21   1     0     7     7  1.17e+03   0.121      0.01424   
 1166    22   1     0     5     5  1.17e+03   0.136      0.01424   
 1166    23   1     0     5     5  1.17e+03   0.150      0.01424   
 1166    24   1     0     3     3  1.17e+03   0.164      0.01424   
 1166    25   1     0     3     3  1.17e+03   0.178      0.01424   
 1166    26   1     0     8     8  1.17e+03   0.200      0.02136   
 1166    27   1     0     4     4  1.17e+03   0.221      0.02136   
 1166    28   1     0     4     4  1.17e+03   0.242      0.02136   
 1166    29   1     0    10    10  1.17e+03   0.250      0.007666  
 1166    30   1     0     5     5  1.17e+03   0.275      0.02500   
 1166    31   1     0     4     4  1.17e+03   0.300      0.02500   
 1166    32   1     0    10    10  1.17e+03   0.325      0.02500   
 1166    33   1     0    10    10  1.17e+03   0.350      0.02500   
 1166    34   1     0    11    11  1.17e+03   0.375      0.02500   
 1166    35   1     0    10    10  1.17e+03   0.394      0.01875   
 1166    36   1     0    10    10  1.17e+03   0.413      0.01875   
 1166    37   1     0     9     9  1.17e+03   0.431      0.01875   
 1166    38   1     0     7     7  1.17e+03   0.450      0.01875   
 1166    39   1     0     5     5  1.17e+03   0.469      0.01875   
 1166    40   1     0     5     5  1.17e+03   0.488      0.01875   
 1166    41   1     0    10    10  1.17e+03   0.500      0.01250   
 1166    42   1     0    10    10  1.17e+03   0.519      0.01875   
 1166    43   1     0     6     6  1.17e+03   0.538      0.01875   
 1166    44   1     0     5     5  1.17e+03   0.556      0.01875   
 1166    45   1     0     4     4  1.17e+03   0.575      0.01875   
 1166    46   1     0     3     3  1.17e+03   0.594      0.01875   
 1166    47   1     0     7     7  1.17e+03   0.619      0.02500   
 1166    48   1     0     5     5  1.17e+03   0.644      0.02500   
 1166    49   1     0     4     4  1.17e+03   0.669      0.02500   
 1166    50   1     0     4     4  1.17e+03   0.694      0.02500   
 1166    51   1     0     3     3  1.17e+03   0.719      0.02500   
 1166    52   1     0     3     3  1.17e+03   0.744      0.02500   
 1166    53   1     0    10    10  1.17e+03   0.750      0.006250  
 1166    54   1     0     7     7  1.17e+03   0.775      0.02500   
 1166    55   1     0     5     5  1.17e+03   0.800      0.02500   
 1166    56   1     0     7     7  1.17e+03   0.825      0.02500   
 1166    57   1     0    10    10  1.17e+03   0.850      0.02500   
 1166    58   1     0    10    10  1.17e+03   0.875      0.02500   
 1166    59   1     0    10    10  1.17e+03   0.900      0.02500   
 1166    60   1     0     9     9  1.17e+03   0.925      0.02500   
 1166    61   1     0     6     6  1.17e+03   0.950      0.02500   
 1166    62   1     0     5     5  1.17e+03   0.975      0.02500   
 1166    63   1     0     5     5  1.17e+03   1.00       0.02500   
                          
 THE ANALYSIS HAS COMPLETED SUCCESSFULLY
