 1851    17   1     0     6     6  1.85e+03   0.0849     0.006328  
 1851    18   1     0     1     1  1.85e+03   0.0912     0.006328  
 1851    19   1     0     2     2  1.85e+03   0.0976     0.006328  
 1851    20   1     0     4     4  1.85e+03   0.107      0.009492  
 1851    21   1     0     7     7  1.85e+03   0.121      0.01424   
 1851    22   1     0     5     5  1.85e+03   0.136      0.01424   
 1851    23   1     0     5     5  1.85e+03   0.150      0.01424   
 1851    24   1     0     3     3  1.85e+03   0.164      0.01424   
 1851    25   1     0     3     3  1.85e+03   0.178      0.01424   
 1851    26   1     0     8     8  1.85e+03   0.200      0.02136   
 1851    27   1     0     4     4  1.85e+03   0.221      0.02136   
 1851    28   1     0     4     4  1.85e+03   0.242      0.02136   
 1851    29   1     0     7     7  1.85e+03   0.267      0.02500   
 1851    30   1     0     2     2  1.85e+03   0.292      0.02500   
 1851    31   1     0     8     8  1.85e+03   0.317      0.02500   
 1851    32   1     0    10    10  1.85e+03   0.342      0.02500   
 1851    33   1     0    10    10  1.85e+03   0.367      0.02500   
 1851    34   1     0    10    10  1.85e+03   0.392      0.02500   
 1851    35   1     0    10    10  1.85e+03   0.417      0.02500   
 1851    36   1     0    10    10  1.85e+03   0.442      0.02500   
 1851    37   1     0     8     8  1.85e+03   0.467      0.02500   
 1851    38   1     0     5     5  1.85e+03   0.492      0.02500   
 1851    39   1     0     4     4  1.85e+03   0.517      0.02500   
 1851    40   1     0     5     5  1.85e+03   0.542      0.02500   
 1851    41   1     0     3     3  1.85e+03   0.567      0.02500   
 1851    42   1     0     4     4  1.85e+03   0.592      0.02500   
 1851    43   1     0     4     4  1.85e+03   0.617      0.02500   
 1851    44   1     0     4     4  1.85e+03   0.642      0.02500   
 1851    45   1     0     4     4  1.85e+03   0.667      0.02500   
 1851    46   1     0     3     3  1.85e+03   0.692      0.02500   
 1851    47   1     0     3     3  1.85e+03   0.717      0.02500   
 1851    48   1     0     3     3  1.85e+03   0.742      0.02500   
 1851    49   1     0    10    10  1.85e+03   0.767      0.02500   
 1851    50   1     0     8     8  1.85e+03   0.792      0.02500   
 1851    51   1     0     5     5  1.85e+03   0.817      0.02500   
 1851    52   1     0    10    10  1.85e+03   0.842      0.02500   
 1851    53   1     0    10    10  1.85e+03   0.867      0.02500   
 1851    54   1     0    10    10  1.85e+03   0.892      0.02500   
 1851    55   1     0    10    10  1.85e+03   0.917      0.02500   
 1851    56   1     0     9     9  1.85e+03   0.942      0.02500   
 1851    57   1     0     7     7  1.85e+03   0.967      0.02500   
 1851    58   1     0     5     5  1.85e+03   0.992      0.02500   
 1851    59   1     0    10    10  1.85e+03   1.00       0.007666  
 1852     1   1     0    10    10  1.85e+03   0.00500    0.005000  
 1852     2   1     0     7     7  1.85e+03   0.0100     0.005000  
 1852     3   1     0     5     5  1.85e+03   0.0150     0.005000  
 1852     4   1     0     3     3  1.85e+03   0.0200     0.005000  
 1852     5   1     0     2     2  1.85e+03   0.0250     0.005000  
 1852     6   1     0     5     5  1.85e+03   0.0325     0.007500  
 1852     7   1     0     2     2  1.85e+03   0.0400     0.007500  
 1852     8   1     0     4     4  1.85e+03   0.0475     0.007500  
 1852     9   1     0     5     5  1.85e+03   0.0587     0.01125   
 1852    10   1     0     4     4  1.85e+03   0.0700     0.01125   
 1852    11   1     0     6     6  1.85e+03   0.0812     0.01125   
 1852    12   1     0     4     4  1.85e+03   0.0925     0.01125   
 1852    13   1     0     3     3  1.85e+03   0.104      0.01125   
 1852    14   1     0     9     9  1.85e+03   0.121      0.01688   
 1852    15   1     0     4     4  1.85e+03   0.137      0.01688   
 1852    16   1     0     4     4  1.85e+03   0.154      0.01688   
 1852    17   1     0     7     7  1.85e+03   0.179      0.02500   
 1852    18   1     0     6     6  1.85e+03   0.204      0.02500   
 1852    19   1     0     4     4  1.85e+03   0.229      0.02500   
 1852    20   1     0    10    10  1.85e+03   0.254      0.02500   
 1852    21   1     0     6     6  1.85e+03   0.279      0.02500   
 1852    22   1     0     1     1  1.85e+03   0.304      0.02500   
 1852    23   1     0    10    10  1.85e+03   0.329      0.02500   
 1852    24   1     0    10    10  1.85e+03   0.354      0.02500   
 1852    25   1     0    11    11  1.85e+03   0.379      0.02500   
 1852    26   1     0    11    11  1.85e+03   0.398      0.01875   
 1852    27   1     0    10    10  1.85e+03   0.412      0.01406   
 1852    28   1     0     9     9  1.85e+03   0.426      0.01406   
 1852    29   1     0     7     7  1.85e+03   0.440      0.01406   
 1852    30   1     0     6     6  1.85e+03   0.454      0.01406   
 1852    31   1     0     7     7  1.85e+03   0.468      0.01406   
 1852    32   1     0     6     6  1.85e+03   0.482      0.01406   
 1852    33   1     0     5     5  1.85e+03   0.497      0.01406   
 1852    34   1     0     5     5  1.85e+03   0.511      0.01406   
 1852    35   1     0     5     5  1.85e+03   0.525      0.01406   
 1852    36   1     0     4     4  1.85e+03   0.539      0.01406   
 1852    37   1     0     4     4  1.85e+03   0.553      0.01406   
 1852    38   1     0     9     9  1.85e+03   0.574      0.02109   
 1852    39   1     0     6     6  1.85e+03   0.595      0.02109   
 1852    40   1     0     4     4  1.85e+03   0.616      0.02109   
 1852    41   1     0     5     5  1.85e+03   0.637      0.02109   
 1852    42   1     0     4     4  1.85e+03   0.658      0.02109   
 1852    43   1     0     4     4  1.85e+03   0.679      0.02109   
 1852    44   1     0     6     6  1.85e+03   0.704      0.02500   
 1852    45   1     0     5     5  1.85e+03   0.729      0.02500   
 1852    46   1     0    10    10  1.85e+03   0.754      0.02500   
 1852    47   1     0     7     7  1.85e+03   0.779      0.02500   
 1852    48   1     0     5     5  1.85e+03   0.804      0.02500   
 1852    49   1     0     6     6  1.85e+03   0.829      0.02500   
 1852    50   1     0    10    10  1.85e+03   0.854      0.02500   
 1852    51   1     0    11    11  1.85e+03   0.879      0.02500   
 1852    52   1     0    10    10  1.85e+03   0.898      0.01875   
 1852    53   1     0    10    10  1.85e+03   0.917      0.01875   
 1852    54   1     0     8     8  1.85e+03   0.936      0.01875   
 1852    55   1     0     8     8  1.85e+03   0.954      0.01875   
 1852    56   1     0     6     6  1.85e+03   0.973      0.01875   
 1852    57   1     0     6     6  1.85e+03   0.992      0.01875   
 1852    58   1     0    10    10  1.85e+03   1.00       0.008125  
 1853     1   1     0    10    10  1.85e+03   0.00500    0.005000  
 1853     2   1     0     8     8  1.85e+03   0.0100     0.005000  
 1853     3   1     0     9     9  1.85e+03   0.0150     0.005000  
 1853     4   1     0     6     6  1.85e+03   0.0200     0.005000  
 1853     5   1     0     5     5  1.85e+03   0.0250     0.005000  
 1853     6   1     0     3     3  1.85e+03   0.0300     0.005000  
 1853     7   1     0     1     1  1.85e+03   0.0350     0.005000  
 1853     8   1     0     9     9  1.85e+03   0.0425     0.007500  
 1853     9   1     0     2     2  1.85e+03   0.0500     0.007500  
 1853    10   1     0     5     5  1.85e+03   0.0575     0.007500  
 1853    11   1     0     3     3  1.85e+03   0.0650     0.007500  
 1853    12   1     0     2     2  1.85e+03   0.0725     0.007500  
 1853    13   1     0     8     8  1.85e+03   0.0838     0.01125   
 1853    14   1     0     3     3  1.85e+03   0.0950     0.01125   
 1853    15   1     0     4     4  1.85e+03   0.106      0.01125   
 1853    16   1     0     9     9  1.85e+03   0.123      0.01688   
 1853    17   1     0     5     5  1.85e+03   0.140      0.01688   
 1853    18   1     0     4     4  1.85e+03   0.157      0.01688   
 1853    19   1     0     3     3  1.85e+03   0.174      0.01688   
 1853    20   1     0     7     7  1.85e+03   0.199      0.02500   
 1853    21   1     0     5     5  1.85e+03   0.224      0.02500   
 1853    22   1     0     5     5  1.85e+03   0.249      0.02500   
 1853    23   1     0    10    10  1.85e+03   0.250      0.001250  
 1853    24   1     0     7     7  1.85e+03   0.275      0.02500   
 1853    25   1     0     3     3  1.85e+03   0.300      0.02500   
 1853    26   1     0    10    10  1.85e+03   0.325      0.02500   
 1853    27   1     0    10    10  1.85e+03   0.350      0.02500   
 1853    28   1     0    11    11  1.85e+03   0.375      0.02500   
 1853    29   1     0    10    10  1.85e+03   0.394      0.01875   
 1853    30   1     0    10    10  1.85e+03   0.413      0.01875   
 1853    31   1     0     9     9  1.85e+03   0.431      0.01875   
 1853    32   1     0     7     7  1.85e+03   0.450      0.01875   
 1853    33   1     0     5     5  1.85e+03   0.469      0.01875   
 1853    34   1     0     5     5  1.85e+03   0.488      0.01875   
 1853    35   1     0    10    10  1.85e+03   0.500      0.01250   
 1853    36   1     0    10    10  1.85e+03   0.519      0.01875   
 1853    37   1     0     6     6  1.85e+03   0.538      0.01875   
 1853    38   1     0     5     5  1.85e+03   0.556      0.01875   
 1853    39   1     0     4     4  1.85e+03   0.575      0.01875   
 1853    40   1     0     3     3  1.85e+03   0.594      0.01875   
 1853    41   1     0     7     7  1.85e+03   0.619      0.02500   
 1853    42   1     0     5     5  1.85e+03   0.644      0.02500   
 1853    43   1     0     5     5  1.85e+03   0.669      0.02500   
 1853    44   1     0     4     4  1.85e+03   0.694      0.02500   
 1853    45   1     0     3     3  1.85e+03   0.719      0.02500   
 1853    46   1     0     3     3  1.85e+03   0.744      0.02500   
 1853    47   1     0    10    10  1.85e+03   0.750      0.006250  
 1853    48   1     0     8     8  1.85e+03   0.775      0.02500   
 1853    49   1     0     5     5  1.85e+03   0.800      0.02500   
 1853    50   1     0     7     7  1.85e+03   0.825      0.02500   
 1853    51   1     0    10    10  1.85e+03   0.850      0.02500   
 1853    52   1     0    10    10  1.85e+03   0.875      0.02500   
 1853    53   1     0    10    10  1.85e+03   0.900      0.02500   
 1853    54   1     0    10    10  1.85e+03   0.925      0.02500   
 1853    55   1     0     6     6  1.85e+03   0.950      0.02500   
 1853    56   1     0     5     5  1.85e+03   0.975      0.02500   
 1853    57   1     0     5     5  1.85e+03   1.00       0.02500   
                          
 THE ANALYSIS HAS COMPLETED SUCCESSFULLY
