 935    35   1     0     4     4  935.       0.549      0.01875   
 935    36   1     0     4     4  935.       0.568      0.01875   
 935    37   1     0     7     7  935.       0.593      0.02500   
 935    38   1     0     5     5  935.       0.618      0.02500   
 935    39   1     0     4     4  935.       0.643      0.02500   
 935    40   1     0     4     4  935.       0.668      0.02500   
 935    41   1     0     4     4  935.       0.693      0.02500   
 935    42   1     0     3     3  935.       0.718      0.02500   
 935    43   1     0     3     3  935.       0.743      0.02500   
 935    44   1     0     9     9  935.       0.768      0.02500   
 935    45   1     0     7     7  935.       0.793      0.02500   
 935    46   1     0     4     4  935.       0.818      0.02500   
 935    47   1     0    10    10  935.       0.843      0.02500   
 935    48   1U    0     9     9  935.       0.843      0.02500   
 935    48   2     0    11    11  935.       0.856      0.01250   
 935    49   1     0    11    11  935.       0.865      0.009375  
 935    50   1     0    10    10  935.       0.872      0.007031  
 935    51   1     0    10    10  935.       0.879      0.007031  
 935    52   1     0    10    10  935.       0.886      0.007031  
 935    53   1     0     9     9  935.       0.893      0.007031  
 935    54   1     0     5     5  935.       0.900      0.007031  
 935    55   1     0     6     6  935.       0.907      0.007031  
 935    56   1     0     7     7  935.       0.914      0.007031  
 935    57   1     0     5     5  935.       0.921      0.007031  
 935    58   1     0     3     3  935.       0.928      0.007031  
 935    59   1     0     3     3  935.       0.935      0.007031  
 935    60   1     0     4     4  935.       0.946      0.01055   
 935    61   1     0     3     3  935.       0.962      0.01582   
 935    62   1     0     6     6  935.       0.985      0.02373   
 935    63   1     0    10    10  935.       1.00       0.01459   
 936     1   1     0    10    10  935.       0.00500    0.005000  
 936     2   1     0     9     9  935.       0.0100     0.005000  
 936     3   1     0     9     9  935.       0.0150     0.005000  
 936     4   1     0     7     7  935.       0.0200     0.005000  
 936     5   1     0     5     5  935.       0.0250     0.005000  
 936     6   1     0     3     3  935.       0.0300     0.005000  
 936     7   1     0     1     1  935.       0.0350     0.005000  
 936     8   1     0     8     8  935.       0.0425     0.007500  
 936     9   1     0     2     2  935.       0.0500     0.007500  
 936    10   1     0     4     4  935.       0.0575     0.007500  
 936    11   1U    0     5     5  935.       0.0575     0.01125   
 936    11   2     0    10    10  935.       0.0603     0.002812  
 936    12   1     0     4     4  935.       0.0631     0.002812  
 936    13   1     0     5     5  935.       0.0659     0.002812  
 936    14   1     0     4     4  935.       0.0687     0.002812  
 936    15   1     0     3     3  935.       0.0716     0.002812  
 936    16   1     0     7     7  935.       0.0758     0.004219  
 936    17   1     0     1     1  935.       0.0800     0.004219  
 936    18   1     0     1     1  935.       0.0842     0.004219  
 936    19   1     0     5     5  935.       0.0905     0.006328  
 936    20   1     0     1     1  935.       0.0969     0.006328  
 936    21   1     0     2     2  935.       0.103      0.006328  
 936    22   1     0     5     5  935.       0.113      0.009492  
 936    23   1     0     2     2  935.       0.122      0.009492  
 936    24   1     0     3     3  935.       0.132      0.009492  
 936    25   1     0     7     7  935.       0.146      0.01424   
 936    26   1     0     4     4  935.       0.160      0.01424   
 936    27   1     0     4     4  935.       0.174      0.01424   
 936    28   1     0     7     7  935.       0.196      0.02136   
 936    29   1     0     4     4  935.       0.217      0.02136   
 936    30   1     0     4     4  935.       0.238      0.02136   
 936    31   1     0    10    10  935.       0.263      0.02500   
 936    32   1     0     2     2  935.       0.288      0.02500   
 936    33   1     0     7     7  935.       0.313      0.02500   
 936    34   1     0    10    10  935.       0.338      0.02500   
 936    35   1     0    10    10  935.       0.363      0.02500   
 936    36   1     0    11    11  935.       0.388      0.02500   
 936    37   1     0    10    10  935.       0.407      0.01875   
 936    38   1     0    10    10  935.       0.426      0.01875   
 936    39   1     0     9     9  935.       0.445      0.01875   
 936    40   1     0     6     6  935.       0.463      0.01875   
 936    41   1     0     5     5  935.       0.482      0.01875   
 936    42   1     0     5     5  936.       0.501      0.01875   
 936    43   1     0     5     5  936.       0.520      0.01875   
 936    44   1     0     5     5  936.       0.538      0.01875   
 936    45   1     0     4     4  936.       0.557      0.01875   
 936    46   1     0     4     4  936.       0.576      0.01875   
 936    47   1     0     7     7  936.       0.601      0.02500   
 936    48   1     0     5     5  936.       0.626      0.02500   
 936    49   1     0     4     4  936.       0.651      0.02500   
 936    50   1     0     4     4  936.       0.676      0.02500   
 936    51   1     0     4     4  936.       0.701      0.02500   
 936    52   1     0     3     3  936.       0.726      0.02500   
 936    53   1     0     7     7  936.       0.751      0.02500   
 936    54   1     0     7     7  936.       0.776      0.02500   
 936    55   1     0     5     5  936.       0.801      0.02500   
 936    56   1     0     4     4  936.       0.826      0.02500   
 936    57   1     0    10    10  936.       0.851      0.02500   
 936    58   1     0    10    10  936.       0.876      0.02500   
 936    59   1     0    10    10  936.       0.901      0.02500   
 936    60   1     0    10    10  936.       0.926      0.02500   
 936    61   1     0     6     6  936.       0.951      0.02500   
 936    62   1     0     6     6  936.       0.976      0.02500   
 936    63   1     0     5     5  936.       1.00       0.02403   
 937     1   1     0    10    10  936.       0.00500    0.005000  
 937     2   1     0    10    10  936.       0.0100     0.005000  
 937     3   1     0    10    10  936.       0.0150     0.005000  
 937     4   1     0     7     7  936.       0.0200     0.005000  
 937     5   1     0     6     6  936.       0.0250     0.005000  
 937     6   1     0     4     4  936.       0.0300     0.005000  
 937     7   1     0     1     1  936.       0.0350     0.005000  
 937     8   1     0     7     7  936.       0.0425     0.007500  
 937     9   1     0     2     2  936.       0.0500     0.007500  
 937    10   1     0     4     4  936.       0.0575     0.007500  
 937    11   1U    0     4     4  936.       0.0575     0.01125   
 937    11   2     0     9     9  936.       0.0603     0.002812  
 937    12   1     0     3     3  936.       0.0631     0.002812  
 937    13   1     0     4     4  936.       0.0659     0.002812  
 937    14   1     0     8     8  936.       0.0702     0.004219  
 937    15   1     0     1     1  936.       0.0744     0.004219  
 937    16   1     0     2     2  936.       0.0786     0.004219  
 937    17   1     0     6     6  936.       0.0849     0.006328  
 937    18   1     0     1     1  936.       0.0912     0.006328  
 937    19   1     0     2     2  936.       0.0976     0.006328  
 937    20   1     0     4     4  936.       0.107      0.009492  
 937    21   1     0     7     7  936.       0.121      0.01424   
 937    22   1     0     5     5  936.       0.136      0.01424   
 937    23   1     0     5     5  936.       0.150      0.01424   
 937    24   1     0     3     3  936.       0.164      0.01424   
 937    25   1     0     2     2  936.       0.178      0.01424   
 937    26   1     0     8     8  936.       0.200      0.02136   
 937    27   1     0     4     4  936.       0.221      0.02136   
 937    28   1     0     4     4  936.       0.242      0.02136   
 937    29   1     0    10    10  936.       0.250      0.007666  
 937    30   1     0     5     5  936.       0.275      0.02500   
 937    31   1     0     4     4  936.       0.300      0.02500   
 937    32   1     0    10    10  936.       0.325      0.02500   
 937    33   1     0    10    10  936.       0.350      0.02500   
 937    34   1     0    11    11  936.       0.375      0.02500   
 937    35   1     0    10    10  936.       0.394      0.01875   
 937    36   1     0    10    10  936.       0.413      0.01875   
 937    37   1     0     9     9  936.       0.431      0.01875   
 937    38   1     0     7     7  936.       0.450      0.01875   
 937    39   1     0     5     5  936.       0.469      0.01875   
 937    40   1     0     5     5  936.       0.488      0.01875   
 937    41   1     0    10    10  936.       0.500      0.01250   
 937    42   1     0    10    10  937.       0.519      0.01875   
 937    43   1     0     6     6  937.       0.538      0.01875   
 937    44   1     0     5     5  937.       0.556      0.01875   
 937    45   1     0     4     4  937.       0.575      0.01875   
 937    46   1     0     3     3  937.       0.594      0.01875   
 937    47   1     0     7     7  937.       0.619      0.02500   
 937    48   1     0     5     5  937.       0.644      0.02500   
 937    49   1     0     4     4  937.       0.669      0.02500   
 937    50   1     0     4     4  937.       0.694      0.02500   
 937    51   1     0     3     3  937.       0.719      0.02500   
 937    52   1     0     3     3  937.       0.744      0.02500   
 937    53   1     0    10    10  937.       0.750      0.006250  
 937    54   1     0     7     7  937.       0.775      0.02500   
 937    55   1     0     5     5  937.       0.800      0.02500   
 937    56   1     0     7     7  937.       0.825      0.02500   
 937    57   1     0    10    10  937.       0.850      0.02500   
 937    58   1     0    10    10  937.       0.875      0.02500   
 937    59   1     0    10    10  937.       0.900      0.02500   
 937    60   1     0     9     9  937.       0.925      0.02500   
 937    61   1     0     6     6  937.       0.950      0.02500   
 937    62   1     0     5     5  937.       0.975      0.02500   
 937    63   1     0     5     5  937.       1.00       0.02500   
                          
 THE ANALYSIS HAS COMPLETED SUCCESSFULLY
