 248    18   1     0     1     1  247.       0.0912     0.006328  
 248    19   1     0     2     2  247.       0.0976     0.006328  
 248    20   1     0     4     4  247.       0.107      0.009492  
 248    21   1     0     7     7  247.       0.121      0.01424   
 248    22   1     0     5     5  247.       0.136      0.01424   
 248    23   1     0     5     5  247.       0.150      0.01424   
 248    24   1     0     3     3  247.       0.164      0.01424   
 248    25   1     0     2     2  247.       0.178      0.01424   
 248    26   1     0     8     8  247.       0.200      0.02136   
 248    27   1     0     4     4  247.       0.221      0.02136   
 248    28   1     0     4     4  247.       0.242      0.02136   
 248    29   1     0     7     7  247.       0.267      0.02500   
 248    30   1     0     2     2  247.       0.292      0.02500   
 248    31   1     0     7     7  247.       0.317      0.02500   
 248    32   1     0    10    10  247.       0.342      0.02500   
 248    33   1     0    10    10  247.       0.367      0.02500   
 248    34   1     0    10    10  247.       0.392      0.02500   
 248    35   1     0    10    10  247.       0.417      0.02500   
 248    36   1     0    10    10  247.       0.442      0.02500   
 248    37   1     0     8     8  247.       0.467      0.02500   
 248    38   1     0     5     5  247.       0.492      0.02500   
 248    39   1     0     5     5  248.       0.517      0.02500   
 248    40   1     0     4     4  248.       0.542      0.02500   
 248    41   1     0     4     4  248.       0.567      0.02500   
 248    42   1     0     4     4  248.       0.592      0.02500   
 248    43   1     0     4     4  248.       0.617      0.02500   
 248    44   1     0     4     4  248.       0.642      0.02500   
 248    45   1     0     3     3  248.       0.667      0.02500   
 248    46   1     0     4     4  248.       0.692      0.02500   
 248    47   1     0     3     3  248.       0.717      0.02500   
 248    48   1     0     2     2  248.       0.742      0.02500   
 248    49   1     0    10    10  248.       0.767      0.02500   
 248    50   1     0     8     8  248.       0.792      0.02500   
 248    51   1     0     5     5  248.       0.817      0.02500   
 248    52   1     0    10    10  248.       0.842      0.02500   
 248    53   1     0    10    10  248.       0.867      0.02500   
 248    54   1     0    10    10  248.       0.892      0.02500   
 248    55   1     0    10    10  248.       0.917      0.02500   
 248    56   1     0     9     9  248.       0.942      0.02500   
 248    57   1     0     7     7  248.       0.967      0.02500   
 248    58   1     0     6     6  248.       0.992      0.02500   
 248    59   1     0    10    10  248.       1.00       0.007666  
 249     1   1     0    10    10  248.       0.00500    0.005000  
 249     2   1     0     7     7  248.       0.0100     0.005000  
 249     3   1     0     5     5  248.       0.0150     0.005000  
 249     4   1     0     3     3  248.       0.0200     0.005000  
 249     5   1     0     1     1  248.       0.0250     0.005000  
 249     6   1     0     5     5  248.       0.0325     0.007500  
 249     7   1     0     2     2  248.       0.0400     0.007500  
 249     8   1     0     4     4  248.       0.0475     0.007500  
 249     9   1     0     5     5  248.       0.0587     0.01125   
 249    10   1     0     4     4  248.       0.0700     0.01125   
 249    11   1     0     6     6  248.       0.0812     0.01125   
 249    12   1     0     4     4  248.       0.0925     0.01125   
 249    13   1     0     3     3  248.       0.104      0.01125   
 249    14   1     0     9     9  248.       0.121      0.01688   
 249    15   1     0     4     4  248.       0.137      0.01688   
 249    16   1     0     4     4  248.       0.154      0.01688   
 249    17   1     0     7     7  248.       0.179      0.02500   
 249    18   1     0     6     6  248.       0.204      0.02500   
 249    19   1     0     4     4  248.       0.229      0.02500   
 249    20   1     0    10    10  248.       0.254      0.02500   
 249    21   1     0     6     6  248.       0.279      0.02500   
 249    22   1     0     1     1  248.       0.304      0.02500   
 249    23   1     0    10    10  248.       0.329      0.02500   
 249    24   1     0    10    10  248.       0.354      0.02500   
 249    25   1     0    11    11  248.       0.379      0.02500   
 249    26   1     0    11    11  248.       0.398      0.01875   
 249    27   1     0    10    10  248.       0.412      0.01406   
 249    28   1     0     9     9  248.       0.426      0.01406   
 249    29   1     0     7     7  248.       0.440      0.01406   
 249    30   1     0     6     6  248.       0.454      0.01406   
 249    31   1     0     7     7  248.       0.468      0.01406   
 249    32   1     0     6     6  248.       0.482      0.01406   
 249    33   1     0     5     5  248.       0.497      0.01406   
 249    34   1     0     5     5  249.       0.511      0.01406   
 249    35   1     0     5     5  249.       0.525      0.01406   
 249    36   1     0     4     4  249.       0.539      0.01406   
 249    37   1     0     4     4  249.       0.553      0.01406   
 249    38   1     0     9     9  249.       0.574      0.02109   
 249    39   1     0     5     5  249.       0.595      0.02109   
 249    40   1     0     4     4  249.       0.616      0.02109   
 249    41   1     0     5     5  249.       0.637      0.02109   
 249    42   1     0     4     4  249.       0.658      0.02109   
 249    43   1     0     4     4  249.       0.679      0.02109   
 249    44   1     0     6     6  249.       0.704      0.02500   
 249    45   1     0     5     5  249.       0.729      0.02500   
 249    46   1     0    10    10  249.       0.754      0.02500   
 249    47   1     0     7     7  249.       0.779      0.02500   
 249    48   1     0     5     5  249.       0.804      0.02500   
 249    49   1     0     6     6  249.       0.829      0.02500   
 249    50   1     0    10    10  249.       0.854      0.02500   
 249    51   1     0    11    11  249.       0.879      0.02500   
 249    52   1     0    10    10  249.       0.898      0.01875   
 249    53   1     0    10    10  249.       0.917      0.01875   
 249    54   1     0     8     8  249.       0.936      0.01875   
 249    55   1     0     8     8  249.       0.954      0.01875   
 249    56   1     0     6     6  249.       0.973      0.01875   
 249    57   1     0     6     6  249.       0.992      0.01875   
 249    58   1     0    10    10  249.       1.00       0.008125  
 250     1   1     0    10    10  249.       0.00500    0.005000  
 250     2   1     0     8     8  249.       0.0100     0.005000  
 250     3   1     0     9     9  249.       0.0150     0.005000  
 250     4   1     0     6     6  249.       0.0200     0.005000  
 250     5   1     0     5     5  249.       0.0250     0.005000  
 250     6   1     0     3     3  249.       0.0300     0.005000  
 250     7   1     0     1     1  249.       0.0350     0.005000  
 250     8   1     0     9     9  249.       0.0425     0.007500  
 250     9   1     0     2     2  249.       0.0500     0.007500  
 250    10   1     0     5     5  249.       0.0575     0.007500  
 250    11   1     0     3     3  249.       0.0650     0.007500  
 250    12   1     0     2     2  249.       0.0725     0.007500  
 250    13   1     0     8     8  249.       0.0838     0.01125   
 250    14   1     0     3     3  249.       0.0950     0.01125   
 250    15   1     0     4     4  249.       0.106      0.01125   
 250    16   1     0     9     9  249.       0.123      0.01688   
 250    17   1     0     5     5  249.       0.140      0.01688   
 250    18   1     0     4     4  249.       0.157      0.01688   
 250    19   1     0     3     3  249.       0.174      0.01688   
 250    20   1     0     7     7  249.       0.199      0.02500   
 250    21   1     0     5     5  249.       0.224      0.02500   
 250    22   1     0     5     5  249.       0.249      0.02500   
 250    23   1     0    10    10  249.       0.250      0.001250  
 250    24   1     0     7     7  249.       0.275      0.02500   
 250    25   1     0     3     3  249.       0.300      0.02500   
 250    26   1     0    10    10  249.       0.325      0.02500   
 250    27   1     0    10    10  249.       0.350      0.02500   
 250    28   1     0    11    11  249.       0.375      0.02500   
 250    29   1     0    10    10  249.       0.394      0.01875   
 250    30   1     0    10    10  249.       0.413      0.01875   
 250    31   1     0     9     9  249.       0.431      0.01875   
 250    32   1     0     7     7  249.       0.450      0.01875   
 250    33   1     0     5     5  249.       0.469      0.01875   
 250    34   1     0     5     5  249.       0.488      0.01875   
 250    35   1     0    10    10  250.       0.500      0.01250   
 250    36   1     0    10    10  250.       0.519      0.01875   
 250    37   1     0     6     6  250.       0.538      0.01875   
 250    38   1     0     4     4  250.       0.556      0.01875   
 250    39   1     0     4     4  250.       0.575      0.01875   
 250    40   1     0     7     7  250.       0.600      0.02500   
 250    41   1     0     5     5  250.       0.625      0.02500   
 250    42   1     0     4     4  250.       0.650      0.02500   
 250    43   1     0     4     4  250.       0.675      0.02500   
 250    44   1     0     4     4  250.       0.700      0.02500   
 250    45   1     0     3     3  250.       0.725      0.02500   
 250    46   1     0     3     3  250.       0.750      0.02500   
 250    47   1     0     7     7  250.       0.775      0.02500   
 250    48   1     0     6     6  250.       0.800      0.02500   
 250    49   1     0     3     3  250.       0.825      0.02500   
 250    50   1     0    10    10  250.       0.850      0.02500   
 250    51   1     0    11    11  250.       0.875      0.02500   
 250    52   1     0    10    10  250.       0.894      0.01875   
 250    53   1     0    10    10  250.       0.913      0.01875   
 250    54   1     0     8     8  250.       0.931      0.01875   
 250    55   1     0     7     7  250.       0.950      0.01875   
 250    56   1     0     7     7  250.       0.969      0.01875   
 250    57   1     0     6     6  250.       0.988      0.01875   
 250    58   1     0    10    10  250.       1.00       0.01250   
                          
 THE ANALYSIS HAS COMPLETED SUCCESSFULLY
