 1622    17   1     0     6     6  1.62e+03   0.0849     0.006328  
 1622    18   1     0     1     1  1.62e+03   0.0912     0.006328  
 1622    19   1     0     2     2  1.62e+03   0.0976     0.006328  
 1622    20   1     0     4     4  1.62e+03   0.107      0.009492  
 1622    21   1     0     7     7  1.62e+03   0.121      0.01424   
 1622    22   1     0     5     5  1.62e+03   0.136      0.01424   
 1622    23   1     0     5     5  1.62e+03   0.150      0.01424   
 1622    24   1     0     3     3  1.62e+03   0.164      0.01424   
 1622    25   1     0     3     3  1.62e+03   0.178      0.01424   
 1622    26   1     0     8     8  1.62e+03   0.200      0.02136   
 1622    27   1     0     4     4  1.62e+03   0.221      0.02136   
 1622    28   1     0     4     4  1.62e+03   0.242      0.02136   
 1622    29   1     0     7     7  1.62e+03   0.267      0.02500   
 1622    30   1     0     2     2  1.62e+03   0.292      0.02500   
 1622    31   1     0     8     8  1.62e+03   0.317      0.02500   
 1622    32   1     0    10    10  1.62e+03   0.342      0.02500   
 1622    33   1     0    10    10  1.62e+03   0.367      0.02500   
 1622    34   1     0    10    10  1.62e+03   0.392      0.02500   
 1622    35   1     0    10    10  1.62e+03   0.417      0.02500   
 1622    36   1     0    10    10  1.62e+03   0.442      0.02500   
 1622    37   1     0     8     8  1.62e+03   0.467      0.02500   
 1622    38   1     0     5     5  1.62e+03   0.492      0.02500   
 1622    39   1     0     4     4  1.62e+03   0.517      0.02500   
 1622    40   1     0     5     5  1.62e+03   0.542      0.02500   
 1622    41   1     0     3     3  1.62e+03   0.567      0.02500   
 1622    42   1     0     4     4  1.62e+03   0.592      0.02500   
 1622    43   1     0     4     4  1.62e+03   0.617      0.02500   
 1622    44   1     0     4     4  1.62e+03   0.642      0.02500   
 1622    45   1     0     4     4  1.62e+03   0.667      0.02500   
 1622    46   1     0     3     3  1.62e+03   0.692      0.02500   
 1622    47   1     0     3     3  1.62e+03   0.717      0.02500   
 1622    48   1     0     2     2  1.62e+03   0.742      0.02500   
 1622    49   1     0    10    10  1.62e+03   0.767      0.02500   
 1622    50   1     0     8     8  1.62e+03   0.792      0.02500   
 1622    51   1     0     5     5  1.62e+03   0.817      0.02500   
 1622    52   1     0    10    10  1.62e+03   0.842      0.02500   
 1622    53   1     0    10    10  1.62e+03   0.867      0.02500   
 1622    54   1     0    10    10  1.62e+03   0.892      0.02500   
 1622    55   1     0    10    10  1.62e+03   0.917      0.02500   
 1622    56   1     0     9     9  1.62e+03   0.942      0.02500   
 1622    57   1     0     7     7  1.62e+03   0.967      0.02500   
 1622    58   1     0     5     5  1.62e+03   0.992      0.02500   
 1622    59   1     0    10    10  1.62e+03   1.00       0.007666  
 1623     1   1     0    10    10  1.62e+03   0.00500    0.005000  
 1623     2   1     0     7     7  1.62e+03   0.0100     0.005000  
 1623     3   1     0     5     5  1.62e+03   0.0150     0.005000  
 1623     4   1     0     3     3  1.62e+03   0.0200     0.005000  
 1623     5   1     0     2     2  1.62e+03   0.0250     0.005000  
 1623     6   1     0     5     5  1.62e+03   0.0325     0.007500  
 1623     7   1     0     2     2  1.62e+03   0.0400     0.007500  
 1623     8   1     0     4     4  1.62e+03   0.0475     0.007500  
 1623     9   1     0     5     5  1.62e+03   0.0587     0.01125   
 1623    10   1     0     4     4  1.62e+03   0.0700     0.01125   
 1623    11   1     0     6     6  1.62e+03   0.0812     0.01125   
 1623    12   1     0     4     4  1.62e+03   0.0925     0.01125   
 1623    13   1     0     3     3  1.62e+03   0.104      0.01125   
 1623    14   1     0     9     9  1.62e+03   0.121      0.01688   
 1623    15   1     0     4     4  1.62e+03   0.137      0.01688   
 1623    16   1     0     4     4  1.62e+03   0.154      0.01688   
 1623    17   1     0     7     7  1.62e+03   0.179      0.02500   
 1623    18   1     0     6     6  1.62e+03   0.204      0.02500   
 1623    19   1     0     4     4  1.62e+03   0.229      0.02500   
 1623    20   1     0    10    10  1.62e+03   0.254      0.02500   
 1623    21   1     0     6     6  1.62e+03   0.279      0.02500   
 1623    22   1     0     1     1  1.62e+03   0.304      0.02500   
 1623    23   1     0    10    10  1.62e+03   0.329      0.02500   
 1623    24   1     0    10    10  1.62e+03   0.354      0.02500   
 1623    25   1     0    11    11  1.62e+03   0.379      0.02500   
 1623    26   1     0    11    11  1.62e+03   0.398      0.01875   
 1623    27   1     0    10    10  1.62e+03   0.412      0.01406   
 1623    28   1     0     9     9  1.62e+03   0.426      0.01406   
 1623    29   1     0     7     7  1.62e+03   0.440      0.01406   
 1623    30   1     0     6     6  1.62e+03   0.454      0.01406   
 1623    31   1     0     7     7  1.62e+03   0.468      0.01406   
 1623    32   1     0     6     6  1.62e+03   0.482      0.01406   
 1623    33   1     0     5     5  1.62e+03   0.497      0.01406   
 1623    34   1     0     5     5  1.62e+03   0.511      0.01406   
 1623    35   1     0     5     5  1.62e+03   0.525      0.01406   
 1623    36   1     0     4     4  1.62e+03   0.539      0.01406   
 1623    37   1     0     4     4  1.62e+03   0.553      0.01406   
 1623    38   1     0     9     9  1.62e+03   0.574      0.02109   
 1623    39   1     0     6     6  1.62e+03   0.595      0.02109   
 1623    40   1     0     4     4  1.62e+03   0.616      0.02109   
 1623    41   1     0     5     5  1.62e+03   0.637      0.02109   
 1623    42   1     0     4     4  1.62e+03   0.658      0.02109   
 1623    43   1     0     4     4  1.62e+03   0.679      0.02109   
 1623    44   1     0     6     6  1.62e+03   0.704      0.02500   
 1623    45   1     0     5     5  1.62e+03   0.729      0.02500   
 1623    46   1     0    10    10  1.62e+03   0.754      0.02500   
 1623    47   1     0     7     7  1.62e+03   0.779      0.02500   
 1623    48   1     0     5     5  1.62e+03   0.804      0.02500   
 1623    49   1     0     6     6  1.62e+03   0.829      0.02500   
 1623    50   1     0    10    10  1.62e+03   0.854      0.02500   
 1623    51   1     0    11    11  1.62e+03   0.879      0.02500   
 1623    52   1     0    10    10  1.62e+03   0.898      0.01875   
 1623    53   1     0    10    10  1.62e+03   0.917      0.01875   
 1623    54   1     0     8     8  1.62e+03   0.936      0.01875   
 1623    55   1     0     8     8  1.62e+03   0.954      0.01875   
 1623    56   1     0     6     6  1.62e+03   0.973      0.01875   
 1623    57   1     0     6     6  1.62e+03   0.992      0.01875   
 1623    58   1     0    10    10  1.62e+03   1.00       0.008125  
 1624     1   1     0    10    10  1.62e+03   0.00500    0.005000  
 1624     2   1     0     8     8  1.62e+03   0.0100     0.005000  
 1624     3   1     0     9     9  1.62e+03   0.0150     0.005000  
 1624     4   1     0     6     6  1.62e+03   0.0200     0.005000  
 1624     5   1     0     5     5  1.62e+03   0.0250     0.005000  
 1624     6   1     0     3     3  1.62e+03   0.0300     0.005000  
 1624     7   1     0     1     1  1.62e+03   0.0350     0.005000  
 1624     8   1     0     9     9  1.62e+03   0.0425     0.007500  
 1624     9   1     0     2     2  1.62e+03   0.0500     0.007500  
 1624    10   1     0     5     5  1.62e+03   0.0575     0.007500  
 1624    11   1     0     3     3  1.62e+03   0.0650     0.007500  
 1624    12   1     0     2     2  1.62e+03   0.0725     0.007500  
 1624    13   1     0     8     8  1.62e+03   0.0838     0.01125   
 1624    14   1     0     3     3  1.62e+03   0.0950     0.01125   
 1624    15   1     0     4     4  1.62e+03   0.106      0.01125   
 1624    16   1     0     9     9  1.62e+03   0.123      0.01688   
 1624    17   1     0     5     5  1.62e+03   0.140      0.01688   
 1624    18   1     0     4     4  1.62e+03   0.157      0.01688   
 1624    19   1     0     3     3  1.62e+03   0.174      0.01688   
 1624    20   1     0     7     7  1.62e+03   0.199      0.02500   
 1624    21   1     0     5     5  1.62e+03   0.224      0.02500   
 1624    22   1     0     5     5  1.62e+03   0.249      0.02500   
 1624    23   1     0    10    10  1.62e+03   0.250      0.001250  
 1624    24   1     0     7     7  1.62e+03   0.275      0.02500   
 1624    25   1     0     3     3  1.62e+03   0.300      0.02500   
 1624    26   1     0    10    10  1.62e+03   0.325      0.02500   
 1624    27   1     0    10    10  1.62e+03   0.350      0.02500   
 1624    28   1     0    11    11  1.62e+03   0.375      0.02500   
 1624    29   1     0    10    10  1.62e+03   0.394      0.01875   
 1624    30   1     0    10    10  1.62e+03   0.413      0.01875   
 1624    31   1     0     9     9  1.62e+03   0.431      0.01875   
 1624    32   1     0     7     7  1.62e+03   0.450      0.01875   
 1624    33   1     0     5     5  1.62e+03   0.469      0.01875   
 1624    34   1     0     5     5  1.62e+03   0.488      0.01875   
 1624    35   1     0    10    10  1.62e+03   0.500      0.01250   
 1624    36   1     0    10    10  1.62e+03   0.519      0.01875   
 1624    37   1     0     6     6  1.62e+03   0.538      0.01875   
 1624    38   1     0     5     5  1.62e+03   0.556      0.01875   
 1624    39   1     0     4     4  1.62e+03   0.575      0.01875   
 1624    40   1     0     3     3  1.62e+03   0.594      0.01875   
 1624    41   1     0     7     7  1.62e+03   0.619      0.02500   
 1624    42   1     0     5     5  1.62e+03   0.644      0.02500   
 1624    43   1     0     5     5  1.62e+03   0.669      0.02500   
 1624    44   1     0     4     4  1.62e+03   0.694      0.02500   
 1624    45   1     0     3     3  1.62e+03   0.719      0.02500   
 1624    46   1     0     3     3  1.62e+03   0.744      0.02500   
 1624    47   1     0    10    10  1.62e+03   0.750      0.006250  
 1624    48   1     0     8     8  1.62e+03   0.775      0.02500   
 1624    49   1     0     5     5  1.62e+03   0.800      0.02500   
 1624    50   1     0     7     7  1.62e+03   0.825      0.02500   
 1624    51   1     0    10    10  1.62e+03   0.850      0.02500   
 1624    52   1     0    10    10  1.62e+03   0.875      0.02500   
 1624    53   1     0    10    10  1.62e+03   0.900      0.02500   
 1624    54   1     0    10    10  1.62e+03   0.925      0.02500   
 1624    55   1     0     6     6  1.62e+03   0.950      0.02500   
 1624    56   1     0     5     5  1.62e+03   0.975      0.02500   
 1624    57   1     0     5     5  1.62e+03   1.00       0.02500   
                          
 THE ANALYSIS HAS COMPLETED SUCCESSFULLY
