 479    11   1U    0     5     5  478.       0.0575     0.01125   
 479    11   2     0    10    10  478.       0.0603     0.002812  
 479    12   1     0     4     4  478.       0.0631     0.002812  
 479    13   1     0     5     5  478.       0.0659     0.002812  
 479    14   1     0     4     4  478.       0.0687     0.002812  
 479    15   1     0     3     3  478.       0.0716     0.002812  
 479    16   1     0     7     7  478.       0.0758     0.004219  
 479    17   1     0     1     1  478.       0.0800     0.004219  
 479    18   1     0     1     1  478.       0.0842     0.004219  
 479    19   1     0     5     5  478.       0.0905     0.006328  
 479    20   1     0     1     1  478.       0.0969     0.006328  
 479    21   1     0     2     2  478.       0.103      0.006328  
 479    22   1     0     5     5  478.       0.113      0.009492  
 479    23   1     0     2     2  478.       0.122      0.009492  
 479    24   1     0     3     3  478.       0.132      0.009492  
 479    25   1     0     7     7  478.       0.146      0.01424   
 479    26   1     0     4     4  478.       0.160      0.01424   
 479    27   1     0     4     4  478.       0.174      0.01424   
 479    28   1     0     7     7  478.       0.196      0.02136   
 479    29   1     0     4     4  478.       0.217      0.02136   
 479    30   1     0     4     4  478.       0.238      0.02136   
 479    31   1     0    10    10  478.       0.263      0.02500   
 479    32   1     0     2     2  478.       0.288      0.02500   
 479    33   1     0     7     7  478.       0.313      0.02500   
 479    34   1     0    10    10  478.       0.338      0.02500   
 479    35   1     0    10    10  478.       0.363      0.02500   
 479    36   1     0    11    11  478.       0.388      0.02500   
 479    37   1     0    10    10  478.       0.407      0.01875   
 479    38   1     0    10    10  478.       0.426      0.01875   
 479    39   1     0     9     9  478.       0.445      0.01875   
 479    40   1     0     6     6  478.       0.463      0.01875   
 479    41   1     0     5     5  478.       0.482      0.01875   
 479    42   1     0     5     5  479.       0.501      0.01875   
 479    43   1     0     5     5  479.       0.520      0.01875   
 479    44   1     0     5     5  479.       0.538      0.01875   
 479    45   1     0     4     4  479.       0.557      0.01875   
 479    46   1     0     4     4  479.       0.576      0.01875   
 479    47   1     0     7     7  479.       0.601      0.02500   
 479    48   1     0     5     5  479.       0.626      0.02500   
 479    49   1     0     4     4  479.       0.651      0.02500   
 479    50   1     0     4     4  479.       0.676      0.02500   
 479    51   1     0     4     4  479.       0.701      0.02500   
 479    52   1     0     3     3  479.       0.726      0.02500   
 479    53   1     0     7     7  479.       0.751      0.02500   
 479    54   1     0     7     7  479.       0.776      0.02500   
 479    55   1     0     5     5  479.       0.801      0.02500   
 479    56   1     0     4     4  479.       0.826      0.02500   
 479    57   1     0    10    10  479.       0.851      0.02500   
 479    58   1     0    10    10  479.       0.876      0.02500   
 479    59   1     0    10    10  479.       0.901      0.02500   
 479    60   1     0    10    10  479.       0.926      0.02500   
 479    61   1     0     6     6  479.       0.951      0.02500   
 479    62   1     0     6     6  479.       0.976      0.02500   
 479    63   1     0     5     5  479.       1.00       0.02403   
 480     1   1     0    10    10  479.       0.00500    0.005000  
 480     2   1     0    10    10  479.       0.0100     0.005000  
 480     3   1     0    10    10  479.       0.0150     0.005000  
 480     4   1     0     7     7  479.       0.0200     0.005000  
 480     5   1     0     6     6  479.       0.0250     0.005000  
 480     6   1     0     4     4  479.       0.0300     0.005000  
 480     7   1     0     1     1  479.       0.0350     0.005000  
 480     8   1     0     7     7  479.       0.0425     0.007500  
 480     9   1     0     2     2  479.       0.0500     0.007500  
 480    10   1     0     4     4  479.       0.0575     0.007500  
 480    11   1U    0     4     4  479.       0.0575     0.01125   
 480    11   2     0     9     9  479.       0.0603     0.002812  
 480    12   1     0     3     3  479.       0.0631     0.002812  
 480    13   1     0     4     4  479.       0.0659     0.002812  
 480    14   1     0     8     8  479.       0.0702     0.004219  
 480    15   1     0     1     1  479.       0.0744     0.004219  
 480    16   1     0     2     2  479.       0.0786     0.004219  
 480    17   1     0     6     6  479.       0.0849     0.006328  
 480    18   1     0     1     1  479.       0.0912     0.006328  
 480    19   1     0     2     2  479.       0.0976     0.006328  
 480    20   1     0     4     4  479.       0.107      0.009492  
 480    21   1     0     7     7  479.       0.121      0.01424   
 480    22   1     0     5     5  479.       0.136      0.01424   
 480    23   1     0     5     5  479.       0.150      0.01424   
 480    24   1     0     3     3  479.       0.164      0.01424   
 480    25   1     0     2     2  479.       0.178      0.01424   
 480    26   1     0     8     8  479.       0.200      0.02136   
 480    27   1     0     4     4  479.       0.221      0.02136   
 480    28   1     0     4     4  479.       0.242      0.02136   
 480    29   1     0    10    10  479.       0.250      0.007666  
 480    30   1     0     5     5  479.       0.275      0.02500   
 480    31   1     0     4     4  479.       0.300      0.02500   
 480    32   1     0    10    10  479.       0.325      0.02500   
 480    33   1     0    10    10  479.       0.350      0.02500   
 480    34   1     0    11    11  479.       0.375      0.02500   
 480    35   1     0    10    10  479.       0.394      0.01875   
 480    36   1     0    10    10  479.       0.413      0.01875   
 480    37   1     0     9     9  479.       0.431      0.01875   
 480    38   1     0     7     7  479.       0.450      0.01875   
 480    39   1     0     5     5  479.       0.469      0.01875   
 480    40   1     0     5     5  479.       0.488      0.01875   
 480    41   1     0    10    10  479.       0.500      0.01250   
 480    42   1     0    10    10  480.       0.519      0.01875   
 480    43   1     0     6     6  480.       0.538      0.01875   
 480    44   1     0     5     5  480.       0.556      0.01875   
 480    45   1     0     4     4  480.       0.575      0.01875   
 480    46   1     0     3     3  480.       0.594      0.01875   
 480    47   1     0     7     7  480.       0.619      0.02500   
 480    48   1     0     5     5  480.       0.644      0.02500   
 480    49   1     0     4     4  480.       0.669      0.02500   
 480    50   1     0     4     4  480.       0.694      0.02500   
 480    51   1     0     3     3  480.       0.719      0.02500   
 480    52   1     0     3     3  480.       0.744      0.02500   
 480    53   1     0    10    10  480.       0.750      0.006250  
 480    54   1     0     7     7  480.       0.775      0.02500   
 480    55   1     0     5     5  480.       0.800      0.02500   
 480    56   1     0     7     7  480.       0.825      0.02500   
 480    57   1     0    10    10  480.       0.850      0.02500   
 480    58   1     0    10    10  480.       0.875      0.02500   
 480    59   1     0    10    10  480.       0.900      0.02500   
 480    60   1     0     9     9  480.       0.925      0.02500   
 480    61   1     0     6     6  480.       0.950      0.02500   
 480    62   1     0     5     5  480.       0.975      0.02500   
 480    63   1     0     5     5  480.       1.00       0.02500   
                          
 THE ANALYSIS HAS COMPLETED SUCCESSFULLY
