 475     2   1     0     8     8  474.       0.0100     0.005000  
 475     3   1     0     9     9  474.       0.0150     0.005000  
 475     4   1     0     6     6  474.       0.0200     0.005000  
 475     5   1     0     5     5  474.       0.0250     0.005000  
 475     6   1     0     3     3  474.       0.0300     0.005000  
 475     7   1     0     1     1  474.       0.0350     0.005000  
 475     8   1     0     9     9  474.       0.0425     0.007500  
 475     9   1     0     2     2  474.       0.0500     0.007500  
 475    10   1     0     5     5  474.       0.0575     0.007500  
 475    11   1     0     3     3  474.       0.0650     0.007500  
 475    12   1     0     2     2  474.       0.0725     0.007500  
 475    13   1     0     8     8  474.       0.0838     0.01125   
 475    14   1     0     3     3  474.       0.0950     0.01125   
 475    15   1     0     4     4  474.       0.106      0.01125   
 475    16   1     0     9     9  474.       0.123      0.01688   
 475    17   1     0     5     5  474.       0.140      0.01688   
 475    18   1     0     4     4  474.       0.157      0.01688   
 475    19   1     0     3     3  474.       0.174      0.01688   
 475    20   1     0     7     7  474.       0.199      0.02500   
 475    21   1     0     5     5  474.       0.224      0.02500   
 475    22   1     0     5     5  474.       0.249      0.02500   
 475    23   1     0     6     6  474.       0.274      0.02500   
 475    24   1     0     1     1  474.       0.299      0.02500   
 475    25   1     0     9     9  474.       0.324      0.02500   
 475    26   1     0    10    10  474.       0.349      0.02500   
 475    27   1     0    12    12  474.       0.374      0.02500   
 475    28   1     0    12    12  474.       0.393      0.01875   
 475    29   1     0    10    10  474.       0.407      0.01406   
 475    30   1     0     8     8  474.       0.421      0.01406   
 475    31   1     0     8     8  474.       0.435      0.01406   
 475    32   1     0     6     6  474.       0.449      0.01406   
 475    33   1     0     7     7  474.       0.463      0.01406   
 475    34   1     0     6     6  474.       0.477      0.01406   
 475    35   1     0     6     6  474.       0.491      0.01406   
 475    36   1     0     5     5  475.       0.505      0.01406   
 475    37   1     0     5     5  475.       0.519      0.01406   
 475    38   1     0     5     5  475.       0.533      0.01406   
 475    39   1     0     4     4  475.       0.547      0.01406   
 475    40   1     0     4     4  475.       0.561      0.01406   
 475    41   1     0     9     9  475.       0.582      0.02109   
 475    42   1     0     5     5  475.       0.603      0.02109   
 475    43   1     0     5     5  475.       0.625      0.02109   
 475    44   1     0     4     4  475.       0.646      0.02109   
 475    45   1     0     4     4  475.       0.667      0.02109   
 475    46   1     0     6     6  475.       0.692      0.02500   
 475    47   1     0     5     5  475.       0.717      0.02500   
 475    48   1     0     4     4  475.       0.742      0.02500   
 475    49   1     0    10    10  475.       0.767      0.02500   
 475    50   1     0     7     7  475.       0.792      0.02500   
 475    51   1     0     4     4  475.       0.817      0.02500   
 475    52   1     0    10    10  475.       0.842      0.02500   
 475    53   1     0    10    10  475.       0.867      0.02500   
 475    54   1     0    10    10  475.       0.892      0.02500   
 475    55   1     0    10    10  475.       0.917      0.02500   
 475    56   1     0     9     9  475.       0.942      0.02500   
 475    57   1     0     6     6  475.       0.967      0.02500   
 475    58   1     0     5     5  475.       0.992      0.02500   
 475    59   1     0    10    10  475.       1.00       0.008281  
 476     1   1     0    11    11  475.       0.00500    0.005000  
 476     2   1     0     7     7  475.       0.00875    0.003750  
 476     3   1     0    10    10  475.       0.0125     0.003750  
 476     4   1     0    10    10  475.       0.0163     0.003750  
 476     5   1     0     8     8  475.       0.0200     0.003750  
 476     6   1     0     7     7  475.       0.0238     0.003750  
 476     7   1     0     6     6  475.       0.0275     0.003750  
 476     8   1     0     4     4  475.       0.0312     0.003750  
 476     9   1     0     2     2  475.       0.0350     0.003750  
 476    10   1     0     8     8  475.       0.0406     0.005625  
 476    11   1     0     2     2  475.       0.0462     0.005625  
 476    12   1     0     4     4  475.       0.0519     0.005625  
 476    13   1     0     6     6  475.       0.0603     0.008438  
 476    14   1     0     2     2  475.       0.0688     0.008438  
 476    15   1     0     6     6  475.       0.0772     0.008438  
 476    16   1     0     4     4  475.       0.0856     0.008438  
 476    17   1     0     2     2  475.       0.0941     0.008438  
 476    18   1     0     9     9  475.       0.107      0.01266   
 476    19   1     0     4     4  475.       0.119      0.01266   
 476    20   1     0     4     4  475.       0.132      0.01266   
 476    21   1     0     8     8  475.       0.151      0.01898   
 476    22   1     0     5     5  475.       0.170      0.01898   
 476    23   1     0     4     4  475.       0.189      0.01898   
 476    24   1     0     4     4  475.       0.208      0.01898   
 476    25   1     0     7     7  475.       0.233      0.02500   
 476    26   1     0     9     9  475.       0.250      0.01703   
 476    27   1     0     6     6  475.       0.275      0.02500   
 476    28   1     0     1     1  475.       0.300      0.02500   
 476    29   1     0    10    10  475.       0.325      0.02500   
 476    30   1     0    10    10  475.       0.350      0.02500   
 476    31   1     0    11    11  475.       0.375      0.02500   
 476    32   1     0    10    10  475.       0.394      0.01875   
 476    33   1     0    10    10  475.       0.413      0.01875   
 476    34   1     0     9     9  475.       0.431      0.01875   
 476    35   1     0     7     7  475.       0.450      0.01875   
 476    36   1     0     5     5  475.       0.469      0.01875   
 476    37   1     0     5     5  475.       0.488      0.01875   
 476    38   1     0    10    10  475.       0.500      0.01250   
 476    39   1     0    10    10  476.       0.519      0.01875   
 476    40   1     0     6     6  476.       0.538      0.01875   
 476    41   1     0     5     5  476.       0.556      0.01875   
 476    42   1     0     4     4  476.       0.575      0.01875   
 476    43   1     0     3     3  476.       0.594      0.01875   
 476    44   1     0     7     7  476.       0.619      0.02500   
 476    45   1     0     5     5  476.       0.644      0.02500   
 476    46   1     0     4     4  476.       0.669      0.02500   
 476    47   1     0     4     4  476.       0.694      0.02500   
 476    48   1     0     3     3  476.       0.719      0.02500   
 476    49   1     0     3     3  476.       0.744      0.02500   
 476    50   1     0    10    10  476.       0.750      0.006250  
 476    51   1     0     8     8  476.       0.775      0.02500   
 476    52   1     0     5     5  476.       0.800      0.02500   
 476    53   1     0     7     7  476.       0.825      0.02500   
 476    54   1     0    10    10  476.       0.850      0.02500   
 476    55   1     0    10    10  476.       0.875      0.02500   
 476    56   1     0    10    10  476.       0.900      0.02500   
 476    57   1     0    10    10  476.       0.925      0.02500   
 476    58   1     0     6     6  476.       0.950      0.02500   
 476    59   1     0     5     5  476.       0.975      0.02500   
 476    60   1     0     5     5  476.       1.00       0.02500   
                          
 THE ANALYSIS HAS COMPLETED SUCCESSFULLY
