 499    13   1     0     4     4  498.       0.0962     0.01125   
 499    14   1     0     9     9  498.       0.113      0.01688   
 499    15   1     0     5     5  498.       0.130      0.01688   
 499    16   1     0     5     5  498.       0.147      0.01688   
 499    17   1     0     3     3  498.       0.164      0.01688   
 499    18   1     0     2     2  498.       0.181      0.01688   
 499    19   1     0     7     7  498.       0.206      0.02500   
 499    20   1     0     6     6  498.       0.231      0.02500   
 499    21   1     0    10    10  498.       0.256      0.02500   
 499    22   1     0     6     6  498.       0.281      0.02500   
 499    23   1     0     1     1  498.       0.306      0.02500   
 499    24   1     0    10    10  498.       0.331      0.02500   
 499    25   1     0    10    10  498.       0.356      0.02500   
 499    26   1     0    11    11  498.       0.381      0.02500   
 499    27   1     0    10    10  498.       0.399      0.01875   
 499    28   1     0    10    10  498.       0.418      0.01875   
 499    29   1     0     9     9  498.       0.437      0.01875   
 499    30   1     0     7     7  498.       0.456      0.01875   
 499    31   1     0     5     5  498.       0.474      0.01875   
 499    32   1     0     5     5  498.       0.493      0.01875   
 499    33   1     0     5     5  499.       0.512      0.01875   
 499    34   1     0     5     5  499.       0.531      0.01875   
 499    35   1     0     4     4  499.       0.549      0.01875   
 499    36   1     0     4     4  499.       0.568      0.01875   
 499    37   1     0     7     7  499.       0.593      0.02500   
 499    38   1     0     5     5  499.       0.618      0.02500   
 499    39   1     0     4     4  499.       0.643      0.02500   
 499    40   1     0     4     4  499.       0.668      0.02500   
 499    41   1     0     4     4  499.       0.693      0.02500   
 499    42   1     0     3     3  499.       0.718      0.02500   
 499    43   1     0     3     3  499.       0.743      0.02500   
 499    44   1     0     9     9  499.       0.768      0.02500   
 499    45   1     0     7     7  499.       0.793      0.02500   
 499    46   1     0     4     4  499.       0.818      0.02500   
 499    47   1     0    10    10  499.       0.843      0.02500   
 499    48   1U    0     9     9  499.       0.843      0.02500   
 499    48   2     0    11    11  499.       0.856      0.01250   
 499    49   1     0    11    11  499.       0.865      0.009375  
 499    50   1     0    10    10  499.       0.872      0.007031  
 499    51   1     0    10    10  499.       0.879      0.007031  
 499    52   1     0    10    10  499.       0.886      0.007031  
 499    53   1     0     9     9  499.       0.893      0.007031  
 499    54   1     0     5     5  499.       0.900      0.007031  
 499    55   1     0     6     6  499.       0.907      0.007031  
 499    56   1     0     7     7  499.       0.914      0.007031  
 499    57   1     0     5     5  499.       0.921      0.007031  
 499    58   1     0     3     3  499.       0.928      0.007031  
 499    59   1     0     3     3  499.       0.935      0.007031  
 499    60   1     0     4     4  499.       0.946      0.01055   
 499    61   1     0     3     3  499.       0.962      0.01582   
 499    62   1     0     6     6  499.       0.985      0.02373   
 499    63   1     0    10    10  499.       1.00       0.01459   
 500     1   1     0    10    10  499.       0.00500    0.005000  
 500     2   1     0     9     9  499.       0.0100     0.005000  
 500     3   1     0     9     9  499.       0.0150     0.005000  
 500     4   1     0     7     7  499.       0.0200     0.005000  
 500     5   1     0     5     5  499.       0.0250     0.005000  
 500     6   1     0     3     3  499.       0.0300     0.005000  
 500     7   1     0     1     1  499.       0.0350     0.005000  
 500     8   1     0     8     8  499.       0.0425     0.007500  
 500     9   1     0     2     2  499.       0.0500     0.007500  
 500    10   1     0     4     4  499.       0.0575     0.007500  
 500    11   1U    0     5     5  499.       0.0575     0.01125   
 500    11   2     0    10    10  499.       0.0603     0.002812  
 500    12   1     0     4     4  499.       0.0631     0.002812  
 500    13   1     0     5     5  499.       0.0659     0.002812  
 500    14   1     0     4     4  499.       0.0687     0.002812  
 500    15   1     0     3     3  499.       0.0716     0.002812  
 500    16   1     0     7     7  499.       0.0758     0.004219  
 500    17   1     0     1     1  499.       0.0800     0.004219  
 500    18   1     0     1     1  499.       0.0842     0.004219  
 500    19   1     0     5     5  499.       0.0905     0.006328  
 500    20   1     0     1     1  499.       0.0969     0.006328  
 500    21   1     0     2     2  499.       0.103      0.006328  
 500    22   1     0     5     5  499.       0.113      0.009492  
 500    23   1     0     2     2  499.       0.122      0.009492  
 500    24   1     0     3     3  499.       0.132      0.009492  
 500    25   1     0     7     7  499.       0.146      0.01424   
 500    26   1     0     4     4  499.       0.160      0.01424   
 500    27   1     0     4     4  499.       0.174      0.01424   
 500    28   1     0     7     7  499.       0.196      0.02136   
 500    29   1     0     4     4  499.       0.217      0.02136   
 500    30   1     0     4     4  499.       0.238      0.02136   
 500    31   1     0     9     9  499.       0.250      0.01153   
 500    32   1     0     5     5  499.       0.275      0.02500   
 500    33   1     0     3     3  499.       0.300      0.02500   
 500    34   1     0    10    10  499.       0.325      0.02500   
 500    35   1     0    10    10  499.       0.350      0.02500   
 500    36   1     0    11    11  499.       0.375      0.02500   
 500    37   1     0    10    10  499.       0.394      0.01875   
 500    38   1     0    10    10  499.       0.413      0.01875   
 500    39   1     0     9     9  499.       0.431      0.01875   
 500    40   1     0     7     7  499.       0.450      0.01875   
 500    41   1     0     5     5  499.       0.469      0.01875   
 500    42   1     0     5     5  499.       0.488      0.01875   
 500    43   1     0    10    10  499.       0.500      0.01250   
 500    44   1     0    10    10  500.       0.519      0.01875   
 500    45   1     0     6     6  500.       0.538      0.01875   
 500    46   1     0     5     5  500.       0.556      0.01875   
 500    47   1     0     4     4  500.       0.575      0.01875   
 500    48   1     0     3     3  500.       0.594      0.01875   
 500    49   1     0     7     7  500.       0.619      0.02500   
 500    50   1     0     5     5  500.       0.644      0.02500   
 500    51   1     0     4     4  500.       0.669      0.02500   
 500    52   1     0     4     4  500.       0.694      0.02500   
 500    53   1     0     3     3  500.       0.719      0.02500   
 500    54   1     0     3     3  500.       0.744      0.02500   
 500    55   1     0    10    10  500.       0.750      0.006250  
 500    56   1     0     7     7  500.       0.775      0.02500   
 500    57   1     0     6     6  500.       0.800      0.02500   
 500    58   1     0     7     7  500.       0.825      0.02500   
 500    59   1     0    10    10  500.       0.850      0.02500   
 500    60   1     0    10    10  500.       0.875      0.02500   
 500    61   1     0    10    10  500.       0.900      0.02500   
 500    62   1     0     9     9  500.       0.925      0.02500   
 500    63   1     0     6     6  500.       0.950      0.02500   
 500    64   1     0     5     5  500.       0.975      0.02500   
 500    65   1     0     5     5  500.       1.00       0.02500   
                          
 THE ANALYSIS HAS COMPLETED SUCCESSFULLY
