 270    55   1     0    10    10  270.       0.926      0.02500   
 270    56   1     0     7     7  270.       0.951      0.02500   
 270    57   1     0     5     5  270.       0.976      0.02500   
 270    58   1     0     6     6  270.       1.00       0.02352   
 271     1   1     0    10    10  270.       0.00500    0.005000  
 271     2   1     0    10    10  270.       0.0100     0.005000  
 271     3   1     0    10    10  270.       0.0150     0.005000  
 271     4   1     0     8     8  270.       0.0200     0.005000  
 271     5   1     0     7     7  270.       0.0250     0.005000  
 271     6   1     0     6     6  270.       0.0300     0.005000  
 271     7   1     0     5     5  270.       0.0350     0.005000  
 271     8   1     0     2     2  270.       0.0400     0.005000  
 271     9   1     0     1     1  270.       0.0450     0.005000  
 271    10   1     0     8     8  270.       0.0525     0.007500  
 271    11   1     0     2     2  270.       0.0600     0.007500  
 271    12   1     0     4     4  270.       0.0675     0.007500  
 271    13   1     0     9     9  270.       0.0788     0.01125   
 271    14   1     0     4     4  270.       0.0900     0.01125   
 271    15   1     0     4     4  270.       0.101      0.01125   
 271    16   1     0     8     8  270.       0.118      0.01688   
 271    17   1     0     5     5  270.       0.135      0.01688   
 271    18   1     0     5     5  270.       0.152      0.01688   
 271    19   1     0     3     3  270.       0.169      0.01688   
 271    20   1     0     2     2  270.       0.186      0.01688   
 271    21   1     0     7     7  270.       0.211      0.02500   
 271    22   1     0     6     6  270.       0.236      0.02500   
 271    23   1     0    10    10  270.       0.261      0.02500   
 271    24   1     0     6     6  270.       0.286      0.02500   
 271    25   1     0     3     3  270.       0.311      0.02500   
 271    26   1     0    10    10  270.       0.336      0.02500   
 271    27   1     0    10    10  270.       0.361      0.02500   
 271    28   1     0    11    11  270.       0.386      0.02500   
 271    29   1     0    10    10  270.       0.404      0.01875   
 271    30   1     0    10    10  270.       0.423      0.01875   
 271    31   1     0     9     9  270.       0.442      0.01875   
 271    32   1     0     7     7  270.       0.461      0.01875   
 271    33   1     0     5     5  270.       0.479      0.01875   
 271    34   1     0     5     5  270.       0.498      0.01875   
 271    35   1     0     5     5  271.       0.517      0.01875   
 271    36   1     0     5     5  271.       0.536      0.01875   
 271    37   1     0     4     4  271.       0.554      0.01875   
 271    38   1     0     3     3  271.       0.573      0.01875   
 271    39   1     0     7     7  271.       0.598      0.02500   
 271    40   1     0     5     5  271.       0.623      0.02500   
 271    41   1     0     4     4  271.       0.648      0.02500   
 271    42   1     0     4     4  271.       0.673      0.02500   
 271    43   1     0     4     4  271.       0.698      0.02500   
 271    44   1     0     3     3  271.       0.723      0.02500   
 271    45   1     0     3     3  271.       0.748      0.02500   
 271    46   1     0     8     8  271.       0.773      0.02500   
 271    47   1     0     6     6  271.       0.798      0.02500   
 271    48   1     0     3     3  271.       0.823      0.02500   
 271    49   1     0    10    10  271.       0.848      0.02500   
 271    50   1     0    10    10  271.       0.873      0.02500   
 271    51   1     0    11    11  271.       0.898      0.02500   
 271    52   1     0    10    10  271.       0.917      0.01875   
 271    53   1     0     8     8  271.       0.936      0.01875   
 271    54   1     0     7     7  271.       0.954      0.01875   
 271    55   1     0     7     7  271.       0.973      0.01875   
 271    56   1     0     7     7  271.       0.992      0.01875   
 271    57   1     0    10    10  271.       1.00       0.008125  
 272     1   1     0    10    10  271.       0.00500    0.005000  
 272     2   1     0     7     7  271.       0.0100     0.005000  
 272     3   1     0     7     7  271.       0.0150     0.005000  
 272     4   1     0     5     5  271.       0.0200     0.005000  
 272     5   1     0     3     3  271.       0.0250     0.005000  
 272     6   1     0     1     1  271.       0.0300     0.005000  
 272     7   1     0     7     7  271.       0.0375     0.007500  
 272     8   1     0     2     2  271.       0.0450     0.007500  
 272     9   1     0     4     4  271.       0.0525     0.007500  
 272    10   1     0     9     9  271.       0.0638     0.01125   
 272    11   1     0     5     5  271.       0.0750     0.01125   
 272    12   1     0     4     4  271.       0.0862     0.01125   
 272    13   1     0     4     4  271.       0.0975     0.01125   
 272    14   1     0     9     9  271.       0.114      0.01688   
 272    15   1     0     4     4  271.       0.131      0.01688   
 272    16   1     0     5     5  271.       0.148      0.01688   
 272    17   1     0     3     3  271.       0.165      0.01688   
 272    18   1     0     2     2  271.       0.182      0.01688   
 272    19   1     0     7     7  271.       0.207      0.02500   
 272    20   1     0     6     6  271.       0.232      0.02500   
 272    21   1     0    10    10  271.       0.257      0.02500   
 272    22   1     0     4     4  271.       0.282      0.02500   
 272    23   1     0     3     3  271.       0.307      0.02500   
 272    24   1     0    10    10  271.       0.332      0.02500   
 272    25   1     0    10    10  271.       0.357      0.02500   
 272    26   1     0    11    11  271.       0.382      0.02500   
 272    27   1     0    10    10  271.       0.401      0.01875   
 272    28   1     0    10    10  271.       0.419      0.01875   
 272    29   1     0     9     9  271.       0.438      0.01875   
 272    30   1     0     7     7  271.       0.457      0.01875   
 272    31   1     0     5     5  271.       0.476      0.01875   
 272    32   1     0     5     5  271.       0.494      0.01875   
 272    33   1     0     5     5  272.       0.513      0.01875   
 272    34   1     0     5     5  272.       0.532      0.01875   
 272    35   1     0     4     4  272.       0.551      0.01875   
 272    36   1     0     4     4  272.       0.569      0.01875   
 272    37   1     0     7     7  272.       0.594      0.02500   
 272    38   1     0     5     5  272.       0.619      0.02500   
 272    39   1     0     4     4  272.       0.644      0.02500   
 272    40   1     0     4     4  272.       0.669      0.02500   
 272    41   1     0     4     4  272.       0.694      0.02500   
 272    42   1     0     3     3  272.       0.719      0.02500   
 272    43   1     0     3     3  272.       0.744      0.02500   
 272    44   1     0     9     9  272.       0.769      0.02500   
 272    45   1     0     8     8  272.       0.794      0.02500   
 272    46   1     0     4     4  272.       0.819      0.02500   
 272    47   1     0    10    10  272.       0.844      0.02500   
 272    48   1     0    12    12  272.       0.869      0.02500   
 272    49   1     0    10    10  272.       0.888      0.01875   
 272    50   1     0    11    11  272.       0.907      0.01875   
 272    51   1     0    10    10  272.       0.921      0.01406   
 272    52   1     0    10    10  272.       0.935      0.01406   
 272    53   1     0     8     8  272.       0.949      0.01406   
 272    54   1     0     6     6  272.       0.963      0.01406   
 272    55   1     0     7     7  272.       0.977      0.01406   
 272    56   1     0     5     5  272.       0.991      0.01406   
 272    57   1     0    10    10  272.       1.00       0.008750  
                          
 THE ANALYSIS HAS COMPLETED SUCCESSFULLY
