 477     3   1     0     5     5  476.       0.0150     0.005000  
 477     4   1     0     3     3  476.       0.0200     0.005000  
 477     5   1     0     1     1  476.       0.0250     0.005000  
 477     6   1     0     8     8  476.       0.0325     0.007500  
 477     7   1     0     2     2  476.       0.0400     0.007500  
 477     8   1     0     5     5  476.       0.0475     0.007500  
 477     9   1     0     3     3  476.       0.0550     0.007500  
 477    10   1     0     3     3  476.       0.0625     0.007500  
 477    11   1     0    10    10  476.       0.0737     0.01125   
 477    12   1     0     3     3  476.       0.0850     0.01125   
 477    13   1     0     4     4  476.       0.0962     0.01125   
 477    14   1     0     8     8  476.       0.113      0.01688   
 477    15   1     0     4     4  476.       0.130      0.01688   
 477    16   1     0     5     5  476.       0.147      0.01688   
 477    17   1     0     3     3  476.       0.164      0.01688   
 477    18   1     0     2     2  476.       0.181      0.01688   
 477    19   1     0     7     7  476.       0.206      0.02500   
 477    20   1     0     6     6  476.       0.231      0.02500   
 477    21   1     0    10    10  476.       0.256      0.02500   
 477    22   1     0     6     6  476.       0.281      0.02500   
 477    23   1     0     1     1  476.       0.306      0.02500   
 477    24   1     0    10    10  476.       0.331      0.02500   
 477    25   1     0    10    10  476.       0.356      0.02500   
 477    26   1     0    11    11  476.       0.381      0.02500   
 477    27   1     0    10    10  476.       0.399      0.01875   
 477    28   1     0    10    10  476.       0.418      0.01875   
 477    29   1     0     9     9  476.       0.437      0.01875   
 477    30   1     0     7     7  476.       0.456      0.01875   
 477    31   1     0     5     5  476.       0.474      0.01875   
 477    32   1     0     5     5  476.       0.493      0.01875   
 477    33   1     0     5     5  477.       0.512      0.01875   
 477    34   1     0     5     5  477.       0.531      0.01875   
 477    35   1     0     4     4  477.       0.549      0.01875   
 477    36   1     0     4     4  477.       0.568      0.01875   
 477    37   1     0     7     7  477.       0.593      0.02500   
 477    38   1     0     5     5  477.       0.618      0.02500   
 477    39   1     0     4     4  477.       0.643      0.02500   
 477    40   1     0     4     4  477.       0.668      0.02500   
 477    41   1     0     4     4  477.       0.693      0.02500   
 477    42   1     0     3     3  477.       0.718      0.02500   
 477    43   1     0     3     3  477.       0.743      0.02500   
 477    44   1     0     9     9  477.       0.768      0.02500   
 477    45   1     0     7     7  477.       0.793      0.02500   
 477    46   1     0     4     4  477.       0.818      0.02500   
 477    47   1     0    10    10  477.       0.843      0.02500   
 477    48   1     0    12    12  477.       0.868      0.02500   
 477    49   1     0    10    10  477.       0.887      0.01875   
 477    50   1     0    11    11  477.       0.906      0.01875   
 477    51   1     0    10    10  477.       0.920      0.01406   
 477    52   1     0    10    10  477.       0.934      0.01406   
 477    53   1     0     8     8  477.       0.948      0.01406   
 477    54   1     0     6     6  477.       0.962      0.01406   
 477    55   1     0     7     7  477.       0.976      0.01406   
 477    56   1     0     5     5  477.       0.990      0.01406   
 477    57   1     0    10    10  477.       1.00       0.01000   
 478     1   1     0    10    10  477.       0.00500    0.005000  
 478     2   1     0     5     5  477.       0.0100     0.005000  
 478     3   1     0     5     5  477.       0.0150     0.005000  
 478     4   1     0     3     3  477.       0.0200     0.005000  
 478     5   1     0     2     2  477.       0.0250     0.005000  
 478     6   1     0     7     7  477.       0.0325     0.007500  
 478     7   1     0     2     2  477.       0.0400     0.007500  
 478     8   1     0     5     5  477.       0.0475     0.007500  
 478     9   1     0     3     3  477.       0.0550     0.007500  
 478    10   1     0     3     3  477.       0.0625     0.007500  
 478    11   1     0    10    10  477.       0.0737     0.01125   
 478    12   1     0     4     4  477.       0.0850     0.01125   
 478    13   1     0     4     4  477.       0.0962     0.01125   
 478    14   1     0     9     9  477.       0.113      0.01688   
 478    15   1     0     5     5  477.       0.130      0.01688   
 478    16   1     0     5     5  477.       0.147      0.01688   
 478    17   1     0     3     3  477.       0.164      0.01688   
 478    18   1     0     2     2  477.       0.181      0.01688   
 478    19   1     0     7     7  477.       0.206      0.02500   
 478    20   1     0     6     6  477.       0.231      0.02500   
 478    21   1     0     8     8  477.       0.250      0.01937   
 478    22   1     0     6     6  477.       0.275      0.02500   
 478    23   1     0     1     1  477.       0.300      0.02500   
 478    24   1     0    10    10  477.       0.325      0.02500   
 478    25   1     0    10    10  477.       0.350      0.02500   
 478    26   1     0    12    12  477.       0.375      0.02500   
 478    27   1     0    11    11  477.       0.394      0.01875   
 478    28   1     0    10    10  477.       0.408      0.01406   
 478    29   1     0     9     9  477.       0.422      0.01406   
 478    30   1     0     7     7  477.       0.436      0.01406   
 478    31   1     0     6     6  477.       0.450      0.01406   
 478    32   1     0     6     6  477.       0.464      0.01406   
 478    33   1     0     6     6  477.       0.478      0.01406   
 478    34   1     0     5     5  477.       0.492      0.01406   
 478    35   1     0    10    10  477.       0.500      0.007813  
 478    36   1     0    10    10  478.       0.514      0.01406   
 478    37   1     0     6     6  478.       0.528      0.01406   
 478    38   1     0     6     6  478.       0.542      0.01406   
 478    39   1     0     5     5  478.       0.556      0.01406   
 478    40   1     0     4     4  478.       0.570      0.01406   
 478    41   1     0     3     3  478.       0.584      0.01406   
 478    42   1     0     9     9  478.       0.605      0.02109   
 478    43   1     0     5     5  478.       0.627      0.02109   
 478    44   1     0     5     5  478.       0.648      0.02109   
 478    45   1     0     4     4  478.       0.669      0.02109   
 478    46   1     0     4     4  478.       0.690      0.02109   
 478    47   1     0     6     6  478.       0.715      0.02500   
 478    48   1     0     5     5  478.       0.740      0.02500   
 478    49   1     0    10    10  478.       0.750      0.01016   
 478    50   1     0     6     6  478.       0.775      0.02500   
 478    51   1     0     5     5  478.       0.800      0.02500   
 478    52   1     0     8     8  478.       0.825      0.02500   
 478    53   1     0    10    10  478.       0.850      0.02500   
 478    54   1     0    11    11  478.       0.875      0.02500   
 478    55   1     0    11    11  478.       0.894      0.01875   
 478    56   1     0     9     9  478.       0.908      0.01406   
 478    57   1     0     9     9  478.       0.922      0.01406   
 478    58   1     0     7     7  478.       0.936      0.01406   
 478    59   1     0     7     7  478.       0.950      0.01406   
 478    60   1     0     7     7  478.       0.964      0.01406   
 478    61   1     0     7     7  478.       0.978      0.01406   
 478    62   1     0     6     6  478.       0.992      0.01406   
 478    63   1     0    10    10  478.       1.00       0.007812  
                          
 THE ANALYSIS HAS COMPLETED SUCCESSFULLY
